0 0.82734375 0.859375 0.84140625 0.87109375 0.8390625 0.87421875 0.82578125 0.8625
3 0.85546875 0.08515625 0.859375 0.08515625 0.859375 0.08984375 0.85546875 0.08984375
0 0.21953125 0.9953125 0.234375 0.9953125 0.234375 1.0 0.21953125 1.0
0 0.33203125 0.87734375 0.34765625 0.8734375 0.34921875 0.87734375 0.33359375 0.88125
0 0.34921875 0.86640625 0.36640625 0.87265625 0.3640625 0.87890625 0.346875 0.87265625
0 0.34296875 0.63515625 0.34765625 0.63515625 0.34765625 0.64609375 0.34296875 0.64609375
0 0.43671875 0.69140625 0.4546875 0.68515625 0.45703125 0.69296875 0.4390625 0.6984375
0 0.50859375 0.7 0.53046875 0.7 0.53046875 0.709375 0.50859375 0.709375
0 0.5453125 0.71796875 0.56484375 0.71796875 0.56484375 0.72421875 0.5453125 0.72421875
0 0.44765625 0.94140625 0.45625 0.94140625 0.45625 0.96171875 0.44765625 0.96171875
0 0.53828125 0.96640625 0.55625 0.95625 0.559375 0.96171875 0.54140625 0.971875
0 0.57578125 0.98125 0.5859375 0.98125 0.5859375 0.9890625 0.57578125 0.9890625
0 0.64453125 0.81796875 0.67890625 0.81796875 0.67890625 0.828125 0.64453125 0.828125
0 0.62578125 0.81953125 0.68984375 0.840625 0.6875 0.846875 0.6234375 0.82578125
0 0.64375 0.77109375 0.6515625 0.77109375 0.6515625 0.78125 0.64375 0.78125
0 0.696875 0.8140625 0.70703125 0.8140625 0.70703125 0.82109375 0.696875 0.82109375
0 0.0 0.82265625 0.009375 0.82265625 0.009375 0.83359375 0.0 0.83359375
3 0.65703125 0.728125 0.66171875 0.728125 0.66171875 0.73515625 0.65703125 0.73515625
0 0.4859375 0.70390625 0.496875 0.7109375 0.4953125 0.71328125 0.484375 0.70703125
0 0.47265625 0.70234375 0.48046875 0.70703125 0.47890625 0.71015625 0.47109375 0.70546875
0 0.66328125 0.7921875 0.67890625 0.7921875 0.67890625 0.7984375 0.66328125 0.7984375
3 0.10625 0.7796875 0.1140625 0.7796875 0.1140625 0.7875 0.10625 0.7875
3 0.315625 0.79375 0.32265625 0.79375 0.32265625 0.803125 0.315625 0.803125
3 0.471875 0.73203125 0.47890625 0.73203125 0.47890625 0.73828125 0.471875 0.73828125
3 0.484375 0.68828125 0.4890625 0.68828125 0.4890625 0.69375 0.484375 0.69375
3 0.33359375 0.6203125 0.3375 0.6203125 0.3375 0.62734375 0.33359375 0.62734375
3 0.053125 0.559375 0.05703125 0.559375 0.05703125 0.5625 0.053125 0.5625
0 0.0640625 0.56875 0.06953125 0.57109375 0.06484375 0.58046875 0.06015625 0.57734375
0 0.15703125 0.64140625 0.16953125 0.64140625 0.16953125 0.6484375 0.15703125 0.6484375
0 0.084375 0.571875 0.09296875 0.571875 0.09296875 0.58359375 0.084375 0.58359375
0 0.18828125 0.63515625 0.20625 0.63515625 0.20625 0.64296875 0.18828125 0.64296875
0 0.2109375 0.6328125 0.2453125 0.6265625 0.24609375 0.63359375 0.2125 0.63984375
0 0.0859375 0.80625 0.09765625 0.81640625 0.09296875 0.821875 0.08125 0.81171875
0 0.1171875 0.85 0.121875 0.84609375 0.13125 0.859375 0.1265625 0.8625
0 0.234375 0.878125 0.2484375 0.878125 0.2484375 0.89140625 0.234375 0.89140625
0 0.25234375 0.86953125 0.271875 0.86953125 0.271875 0.87578125 0.25234375 0.87578125
