0 0.8875 0.0640625 0.8984375 0.0640625 0.8984375 0.0734375 0.8875 0.0734375
3 0.0796875 0.48125 0.084375 0.48125 0.084375 0.4859375 0.0796875 0.4859375
3 0.10078125 0.4734375 0.1046875 0.4734375 0.1046875 0.47890625 0.10078125 0.47890625
0 0.0828125 0.00546875 0.0984375 0.0 0.1 0.00625 0.08515625 0.01171875
0 0.08671875 0.2171875 0.1125 0.2171875 0.1125 0.22890625 0.08671875 0.22890625
0 0.296875 0.01171875 0.328125 0.00078125 0.33046875 0.00703125 0.29921875 0.01796875
0 0.46875 0.1046875 0.5125 0.0765625 0.51796875 0.08515625 0.47421875 0.11328125
0 0.4671875 0.1328125 0.49453125 0.11875 0.4984375 0.1265625 0.47109375 0.13984375
0 0.559375 0.0578125 0.5828125 0.053125 0.584375 0.0625 0.56171875 0.06796875
0 0.5484375 0.10625 0.5578125 0.10625 0.5578125 0.11640625 0.5484375 0.11640625
