1 0.82265625 0.60703125 0.83515625 0.60703125 0.83515625 0.62578125 0.82265625 0.62578125
1 0.775 0.69453125 0.79609375 0.69453125 0.79609375 0.7046875 0.775 0.7046875
1 0.80546875 0.6875 0.8171875 0.696875 0.78515625 0.7359375 0.7734375 0.7265625
1 0.81953125 0.884375 0.82734375 0.8875 0.8171875 0.9125 0.809375 0.909375
1 0.78984375 0.9875 0.80390625 0.9875 0.80390625 1.0 0.78984375 1.0
1 0.828125 0.715625 0.83671875 0.7203125 0.825 0.7390625 0.81640625 0.73359375
1 0.9 0.721875 0.9109375 0.721875 0.9109375 0.73515625 0.9 0.73515625
1 0.98515625 0.71953125 0.9984375 0.71953125 0.9984375 0.73515625 0.98515625 0.73515625
1 0.96015625 0.6875 0.9734375 0.6984375 0.95625 0.71953125 0.94296875 0.709375
1 0.8625 0.66015625 0.86875 0.65390625 0.8796875 0.66328125 0.8734375 0.6703125
1 0.86484375 0.6203125 0.8796875 0.6203125 0.8796875 0.64375 0.86484375 0.64375
1 0.96640625 0.52734375 0.97265625 0.5328125 0.95390625 0.55390625 0.94765625 0.5484375
1 0.73515625 0.92890625 0.74609375 0.921875 0.7484375 0.92578125 0.7375 0.9328125
1 0.721875 0.9515625 0.73359375 0.9515625 0.73359375 0.96953125 0.721875 0.96953125
3 0.25703125 0.2484375 0.2609375 0.2484375 0.2609375 0.2515625 0.25703125 0.2515625
3 0.25078125 0.253125 0.2546875 0.253125 0.2546875 0.25703125 0.25078125 0.25703125
3 0.321875 0.25546875 0.3265625 0.25546875 0.3265625 0.26015625 0.321875 0.26015625
3 0.2546875 0.59140625 0.2578125 0.59140625 0.2578125 0.59453125 0.2546875 0.59453125
3 0.778125 0.63125 0.784375 0.63125 0.784375 0.6390625 0.778125 0.6390625
