1 0.275 0.5578125 0.29609375 0.5421875 0.30234375 0.55078125 0.28125 0.56640625
1 0.184375 0.540625 0.1984375 0.53203125 0.20234375 0.5390625 0.18828125 0.546875
1 0.15703125 0.553125 0.1734375 0.553125 0.1734375 0.5609375 0.15703125 0.5609375
1 0.18359375 0.56640625 0.21328125 0.56171875 0.2140625 0.56640625 0.184375 0.57109375
1 0.07421875 0.53125 0.08671875 0.53125 0.08671875 0.5390625 0.07421875 0.5390625
1 0.0625 0.4109375 0.0859375 0.4015625 0.0890625 0.41015625 0.065625 0.41953125
1 0.37734375 0.51796875 0.3984375 0.50703125 0.40078125 0.51171875 0.3796875 0.52265625
1 0.37578125 0.34140625 0.38828125 0.34140625 0.38828125 0.353125 0.37578125 0.353125
1 0.35546875 0.32265625 0.37578125 0.31015625 0.37890625 0.31640625 0.359375 0.328125
1 0.3515625 0.2890625 0.365625 0.2765625 0.36875 0.28046875 0.35546875 0.29296875
1 0.2421875 0.3671875 0.25 0.36328125 0.2515625 0.36640625 0.24296875 0.3703125
1 0.28125 0.24453125 0.28984375 0.24453125 0.28984375 0.2484375 0.28125 0.2484375
1 0.37578125 0.225 0.4015625 0.225 0.4015625 0.2328125 0.37578125 0.2328125
1 0.41484375 0.27421875 0.42421875 0.2671875 0.42734375 0.271875 0.41796875 0.27890625
1 0.421875 0.27890625 0.4328125 0.27109375 0.43515625 0.27421875 0.4234375 0.28203125
1 0.43515625 0.26796875 0.4453125 0.26015625 0.44765625 0.26328125 0.43828125 0.27109375
1 0.49609375 0.32890625 0.51171875 0.3234375 0.51328125 0.328125 0.49765625 0.33359375
1 0.54453125 0.3109375 0.56328125 0.30078125 0.5671875 0.30703125 0.5484375 0.3171875
1 0.5265625 0.37265625 0.5453125 0.37265625 0.5453125 0.37890625 0.5265625 0.37890625
1 0.54140625 0.42578125 0.5515625 0.421875 0.553125 0.4265625 0.54375 0.43046875
1 0.56328125 0.4078125 0.57734375 0.4078125 0.57734375 0.41640625 0.56328125 0.41640625
1 0.5984375 0.40078125 0.61484375 0.39140625 0.6171875 0.3953125 0.6 0.4046875
1 0.6125 0.38828125 0.62734375 0.37890625 0.63046875 0.38359375 0.61484375 0.39296875
1 0.54453125 0.23203125 0.57734375 0.22265625 0.57890625 0.2296875 0.54609375 0.23828125
1 0.61640625 0.23984375 0.62421875 0.23984375 0.62421875 0.24765625 0.61640625 0.24765625
1 0.61640625 0.1796875 0.66015625 0.16796875 0.66171875 0.17421875 0.61796875 0.1859375
1 0.73671875 0.1375 0.759375 0.128125 0.76171875 0.134375 0.7390625 0.14296875
1 0.5515625 0.275 0.56796875 0.26796875 0.56953125 0.27265625 0.55390625 0.2796875
1 0.68515625 0.3453125 0.69296875 0.34140625 0.69453125 0.3453125 0.68671875 0.34921875
1 0.81796875 0.2875 0.84296875 0.26796875 0.84921875 0.2765625 0.82421875 0.29609375
1 0.80390625 0.284375 0.8234375 0.26640625 0.82734375 0.27109375 0.8078125 0.2890625
1 0.784375 0.27421875 0.79609375 0.26796875 0.7984375 0.271875 0.78671875 0.278125
1 0.8734375 0.2328125 0.88515625 0.2328125 0.88515625 0.246875 0.8734375 0.246875
1 0.81875 0.209375 0.83359375 0.19921875 0.83671875 0.203125 0.821875 0.2140625
1 0.8671875 0.18046875 0.87890625 0.18046875 0.87890625 0.1875 0.8671875 0.1875
1 0.89921875 0.1953125 0.90546875 0.1953125 0.90546875 0.20078125 0.89921875 0.20078125
1 0.959375 0.20625 0.9734375 0.20078125 0.97578125 0.20546875 0.9609375 0.2109375
1 0.9765625 0.15703125 0.98984375 0.15703125 0.98984375 0.1671875 0.9765625 0.1671875
1 0.97109375 0.16796875 0.978125 0.16796875 0.978125 0.1734375 0.97109375 0.1734375
1 0.965625 0.17421875 0.97265625 0.17421875 0.97265625 0.1796875 0.965625 0.1796875
1 0.9484375 0.171875 0.95859375 0.159375 0.96328125 0.1640625 0.953125 0.17578125
1 0.909375 0.14140625 0.9171875 0.14140625 0.9171875 0.1484375 0.909375 0.1484375
1 0.8984375 0.13984375 0.90703125 0.13046875 0.9125 0.13515625 0.90390625 0.1453125
1 0.91640625 0.12734375 0.9265625 0.11875 0.93125 0.1234375 0.92109375 0.1328125
1 0.909375 0.121875 0.9234375 0.1078125 0.92890625 0.1125 0.91484375 0.12734375
1 0.90546875 0.10078125 0.9171875 0.08984375 0.92265625 0.09609375 0.9109375 0.10703125
1 0.95625 0.04453125 0.96484375 0.04453125 0.96484375 0.05234375 0.95625 0.05234375
1 0.89296875 0.06953125 0.9125 0.05546875 0.91640625 0.0609375 0.896875 0.075
1 0.840625 0.103125 0.84609375 0.103125 0.84609375 0.1078125 0.840625 0.1078125
1 0.840625 0.12109375 0.8484375 0.12109375 0.8484375 0.12890625 0.840625 0.12890625
1 0.83359375 0.125 0.84140625 0.125 0.84140625 0.13359375 0.83359375 0.13359375
1 0.36484375 0.14765625 0.384375 0.14765625 0.384375 0.15859375 0.36484375 0.15859375
1 0.3578125 0.1609375 0.371875 0.1609375 0.371875 0.16796875 0.3578125 0.16796875
3 0.5765625 0.40859375 0.58125 0.40859375 0.58125 0.41171875 0.5765625 0.41171875
3 0.70625 0.275 0.71171875 0.275 0.71171875 0.28125 0.70625 0.28125
3 0.696875 0.19765625 0.7109375 0.19765625 0.7109375 0.21015625 0.696875 0.21015625
3 0.69296875 0.18359375 0.70703125 0.18359375 0.70703125 0.1953125 0.69296875 0.1953125
3 0.7609375 0.146875 0.803125 0.146875 0.803125 0.19375 0.7609375 0.19375
1 0.80625 0.16484375 0.8125 0.16484375 0.8125 0.17421875 0.80625 0.17421875
3 0.825 0.1546875 0.85 0.1546875 0.85 0.17890625 0.825 0.17890625
3 0.75625 0.11484375 0.76328125 0.11484375 0.76328125 0.12578125 0.75625 0.12578125
3 0.965625 0.26796875 0.984375 0.26796875 0.984375 0.2859375 0.965625 0.2859375
3 0.94609375 0.12578125 0.95703125 0.12578125 0.95703125 0.1359375 0.94609375 0.1359375
3 0.95078125 0.1140625 0.9578125 0.1140625 0.9578125 0.12421875 0.95078125 0.12421875
3 0.93984375 0.09765625 0.9453125 0.09765625 0.9453125 0.1015625 0.93984375 0.1015625
3 0.89609375 0.11484375 0.9 0.11484375 0.9 0.11953125 0.89609375 0.11953125
3 0.88515625 0.08515625 0.89453125 0.08515625 0.89453125 0.09609375 0.88515625 0.09609375
3 0.93515625 0.0671875 0.94609375 0.0671875 0.94609375 0.07734375 0.93515625 0.07734375
3 0.946875 0.0625 0.95078125 0.0625 0.95078125 0.06796875 0.946875 0.06796875
3 0.9453125 0.05625 0.94921875 0.05625 0.94921875 0.0609375 0.9453125 0.0609375
3 0.9078125 0.08046875 0.9125 0.08046875 0.9125 0.08515625 0.9078125 0.08515625
3 0.85234375 0.06640625 0.85625 0.06640625 0.85625 0.0703125 0.85234375 0.0703125
3 0.8515625 0.09453125 0.8578125 0.09453125 0.8578125 0.1015625 0.8515625 0.1015625
3 0.8859375 0.1265625 0.890625 0.1265625 0.890625 0.13359375 0.8859375 0.13359375
3 0.975 0.1765625 0.9796875 0.1765625 0.9796875 0.18203125 0.975 0.18203125
1 0.87578125 0.16640625 0.884375 0.16640625 0.884375 0.17734375 0.87578125 0.17734375
3 0.828125 0.228125 0.8328125 0.228125 0.8328125 0.23359375 0.828125 0.23359375
3 0.87578125 0.06171875 0.8890625 0.06171875 0.8890625 0.075 0.87578125 0.075
3 0.90078125 0.0421875 0.91796875 0.0421875 0.91796875 0.05546875 0.90078125 0.05546875
3 0.78359375 0.03203125 0.8140625 0.03203125 0.8140625 0.05546875 0.78359375 0.05546875
3 0.7953125 0.015625 0.81015625 0.015625 0.81015625 0.03046875 0.7953125 0.03046875
3 0.89296875 0.0 0.91875 0.0 0.91875 0.0125 0.89296875 0.0125
