3 0.16640625 0.47109375 0.17109375 0.47109375 0.17109375 0.47734375 0.16640625 0.47734375
0 0.65078125 0.071875 0.6703125 0.071875 0.6703125 0.0765625 0.65078125 0.0765625
0 0.809375 0.07421875 0.84453125 0.07734375 0.84453125 0.08359375 0.80859375 0.0796875
0 0.95234375 0.02890625 0.96484375 0.02890625 0.96484375 0.03359375 0.95234375 0.03359375
0 0.25 0.0125 0.26015625 0.0125 0.26015625 0.01796875 0.25 0.01796875
0 0.28125 0.00625 0.31953125 0.00625 0.31953125 0.0203125 0.28125 0.0203125
0 0.2859375 0.0640625 0.29453125 0.0578125 0.29765625 0.0625 0.2890625 0.06796875
0 0.3 0.0640625 0.30703125 0.06015625 0.31484375 0.07421875 0.30703125 0.078125
0 0.4515625 0.06171875 0.459375 0.06171875 0.459375 0.07109375 0.4515625 0.07109375
0 0.45234375 0.05703125 0.46171875 0.05703125 0.46171875 0.06171875 0.45234375 0.06171875
0 0.48046875 0.13125 0.51875 0.11640625 0.521875 0.12421875 0.48359375 0.1390625
0 0.56796875 0.02734375 0.5828125 0.02734375 0.5828125 0.03046875 0.56796875 0.03046875
