1 0.0296875 0.95234375 0.05703125 0.96484375 0.053125 0.97265625 0.0265625 0.9609375
1 0.015625 0.9234375 0.040625 0.9234375 0.040625 0.9390625 0.015625 0.9390625
1 0.05703125 0.91875 0.07109375 0.91875 0.07109375 0.92578125 0.05703125 0.92578125
1 0.10625 0.95390625 0.11875 0.9453125 0.1234375 0.95078125 0.1109375 0.959375
1 0.128125 0.9515625 0.18203125 0.92421875 0.18984375 0.9390625 0.1359375 0.96640625
1 0.1125 0.91640625 0.17421875 0.890625 0.18046875 0.90546875 0.11875 0.93125
1 0.11015625 0.84453125 0.13359375 0.84453125 0.13359375 0.85234375 0.11015625 0.85234375
1 0.078125 0.32578125 0.12109375 0.315625 0.12421875 0.32734375 0.08125 0.3375
1 0.1015625 0.296875 0.1234375 0.28984375 0.12734375 0.30234375 0.10546875 0.309375
1 0.02265625 0.5859375 0.0390625 0.5859375 0.0390625 0.60546875 0.02265625 0.60546875
1 0.07578125 0.63984375 0.0890625 0.63984375 0.0890625 0.65703125 0.07578125 0.65703125
1 0.171875 0.6109375 0.17890625 0.60625 0.190625 0.625 0.1828125 0.6296875
1 0.23359375 0.4671875 0.3546875 0.5265625 0.34765625 0.54140625 0.2265625 0.48203125
1 0.22265625 0.4671875 0.24375 0.4671875 0.24375 0.48671875 0.22265625 0.48671875
1 0.55390625 0.81875 0.571875 0.81875 0.571875 0.83515625 0.55390625 0.83515625
1 0.446875 0.93125 0.48671875 0.91875 0.4921875 0.934375 0.45234375 0.946875
1 0.45625 0.89375 0.47890625 0.878125 0.4890625 0.89375 0.46640625 0.909375
1 0.38984375 0.909375 0.40859375 0.909375 0.40859375 0.91875 0.38984375 0.91875
1 0.35546875 0.896875 0.36875 0.896875 0.36875 0.9125 0.35546875 0.9125
1 0.32109375 0.89375 0.35234375 0.89375 0.35234375 0.90703125 0.32109375 0.90703125
1 0.27890625 0.88984375 0.28828125 0.88359375 0.3078125 0.9109375 0.2984375 0.9171875
1 0.51640625 0.9171875 0.54296875 0.9171875 0.54296875 0.94609375 0.51640625 0.94609375
1 0.54375 0.9109375 0.56875 0.9109375 0.56875 0.92265625 0.54375 0.92265625
1 0.509375 0.83828125 0.5234375 0.83828125 0.5234375 0.85703125 0.509375 0.85703125
1 0.34140625 0.84375 0.34609375 0.83671875 0.36171875 0.846875 0.35703125 0.85390625
1 0.41328125 0.771875 0.4296875 0.771875 0.4296875 0.78671875 0.41328125 0.78671875
1 0.434375 0.75625 0.46328125 0.75625 0.46328125 0.7703125 0.434375 0.7703125
1 0.41953125 0.64296875 0.4328125 0.64296875 0.4328125 0.6546875 0.41953125 0.6546875
1 0.33984375 0.65078125 0.35078125 0.65078125 0.35078125 0.6578125 0.33984375 0.6578125
1 0.55625 0.62578125 0.5671875 0.62578125 0.5671875 0.64296875 0.55625 0.64296875
1 0.6859375 0.75625 0.709375 0.75625 0.709375 0.7765625 0.6859375 0.7765625
1 0.73046875 0.759375 0.73984375 0.759375 0.73984375 0.77734375 0.73046875 0.77734375
1 0.796875 0.76640625 0.809375 0.775 0.78984375 0.80390625 0.77734375 0.79609375
1 0.846875 0.834375 0.87734375 0.82890625 0.8796875 0.84140625 0.84921875 0.846875
1 0.8171875 0.68359375 0.82890625 0.68828125 0.8171875 0.71484375 0.80546875 0.709375
1 0.83203125 0.6859375 0.8765625 0.6859375 0.8765625 0.71015625 0.83203125 0.71015625
1 0.81640625 0.64453125 0.8328125 0.65 0.82421875 0.67421875 0.8078125 0.66796875
1 0.89375 0.64140625 0.90859375 0.64140625 0.90859375 0.65546875 0.89375 0.65546875
1 0.91953125 0.69609375 0.93125 0.69609375 0.93125 0.70703125 0.91953125 0.70703125
1 0.90703125 0.7671875 0.91796875 0.7671875 0.91796875 0.7765625 0.90703125 0.7765625
1 0.70859375 0.87578125 0.72421875 0.87578125 0.72421875 0.88984375 0.70859375 0.88984375
1 0.74140625 0.56953125 0.76171875 0.56953125 0.76171875 0.5890625 0.74140625 0.5890625
1 0.80390625 0.55078125 0.81640625 0.55078125 0.81640625 0.5734375 0.80390625 0.5734375
1 0.85703125 0.48359375 0.8703125 0.48359375 0.8703125 0.49921875 0.85703125 0.49921875
1 0.96171875 0.4625 0.97109375 0.47109375 0.94921875 0.49375 0.940625 0.484375
1 0.96875 0.41796875 0.984375 0.41796875 0.984375 0.4265625 0.96875 0.4265625
1 0.91875 0.38359375 0.9296875 0.38359375 0.9296875 0.39375 0.91875 0.39375
1 0.95390625 0.328125 0.9796875 0.31953125 0.9828125 0.32890625 0.95625 0.33671875
1 0.79140625 0.30234375 0.825 0.30234375 0.825 0.321875 0.79140625 0.321875
1 0.8234375 0.29296875 0.84921875 0.30625 0.84453125 0.315625 0.81875 0.30234375
1 0.8234375 0.26875 0.8390625 0.2609375 0.84375 0.26953125 0.82734375 0.27734375
1 0.2640625 0.2984375 0.2828125 0.2984375 0.2828125 0.30625 0.2640625 0.30625
1 0.61484375 0.26328125 0.6421875 0.26328125 0.6421875 0.278125 0.61484375 0.278125
1 0.70234375 0.26796875 0.7359375 0.26171875 0.7375 0.26953125 0.70390625 0.2765625
1 0.7265625 0.36328125 0.75625 0.36328125 0.75625 0.378125 0.7265625 0.378125
1 0.9234375 0.21953125 0.9515625 0.2 0.95859375 0.209375 0.93046875 0.2296875
1 0.96015625 0.23828125 0.97890625 0.23828125 0.97890625 0.26171875 0.96015625 0.26171875
1 0.575 0.5546875 0.59765625 0.5546875 0.59765625 0.56640625 0.575 0.56640625
1 0.53046875 0.565625 0.56484375 0.55859375 0.56796875 0.57421875 0.53359375 0.58046875
1 0.565625 0.55703125 0.57265625 0.55703125 0.57265625 0.56640625 0.565625 0.56640625
1 0.5484375 0.5203125 0.5609375 0.5203125 0.5609375 0.546875 0.5484375 0.546875
3 0.66328125 0.89140625 0.6734375 0.89140625 0.6734375 0.90390625 0.66328125 0.90390625
3 0.303125 0.7921875 0.3109375 0.7921875 0.3109375 0.7984375 0.303125 0.7984375
3 0.29765625 0.653125 0.30390625 0.653125 0.30390625 0.66328125 0.29765625 0.66328125
3 0.01484375 0.81171875 0.025 0.81171875 0.025 0.8234375 0.01484375 0.8234375
3 0.78671875 0.66328125 0.79140625 0.66328125 0.79140625 0.67109375 0.78671875 0.67109375
3 0.71796875 0.2765625 0.7265625 0.2765625 0.7265625 0.28125 0.71796875 0.28125
3 0.65859375 0.2453125 0.66796875 0.2453125 0.66796875 0.25546875 0.65859375 0.25546875
3 0.975 0.2265625 0.99296875 0.2265625 0.99296875 0.2359375 0.975 0.2359375
3 0.35390625 0.325 0.36953125 0.325 0.36953125 0.3328125 0.35390625 0.3328125
3 0.2796875 0.240625 0.2859375 0.240625 0.2859375 0.24609375 0.2796875 0.24609375
3 0.321875 0.4453125 0.32734375 0.4453125 0.32734375 0.45078125 0.321875 0.45078125
3 0.04296875 0.27890625 0.05 0.27890625 0.05 0.284375 0.04296875 0.284375
