1 0.28671875 0.97734375 0.3234375 0.965625 0.3265625 0.975 0.28984375 0.9859375
1 0.2578125 0.9828125 0.2796875 0.97734375 0.28046875 0.98203125 0.259375 0.9875
1 0.23125 0.984375 0.2484375 0.984375 0.2484375 0.9890625 0.23125 0.9890625
1 0.475 0.93671875 0.48828125 0.92890625 0.49140625 0.93359375 0.478125 0.9421875
1 0.54921875 0.95546875 0.5609375 0.95546875 0.5609375 0.9609375 0.54921875 0.9609375
1 0.49296875 0.9234375 0.4984375 0.9234375 0.4984375 0.9296875 0.49296875 0.9296875
1 0.696875 0.878125 0.7375 0.8671875 0.74140625 0.88046875 0.70078125 0.89140625
1 0.84921875 0.85078125 0.88046875 0.83984375 0.88515625 0.85390625 0.85390625 0.86484375
1 0.86328125 0.83515625 0.89921875 0.81796875 0.9015625 0.82265625 0.865625 0.83984375
3 0.16796875 0.7453125 0.175 0.7453125 0.175 0.759375 0.16796875 0.759375
3 0.1578125 0.74375 0.16484375 0.74375 0.16484375 0.75234375 0.1578125 0.75234375
3 0.1609375 0.73984375 0.17109375 0.73984375 0.17109375 0.746875 0.1609375 0.746875
3 0.15625 0.7296875 0.159375 0.7296875 0.159375 0.73359375 0.15625 0.73359375
3 0.17890625 0.75078125 0.18125 0.75078125 0.18125 0.7546875 0.17890625 0.7546875
3 0.17578125 0.7484375 0.17890625 0.7484375 0.17890625 0.75234375 0.17578125 0.75234375
3 0.1640625 0.7625 0.16796875 0.7625 0.16796875 0.76640625 0.1640625 0.76640625
3 0.15234375 0.746875 0.15703125 0.746875 0.15703125 0.75078125 0.15234375 0.75078125
3 0.7234375 0.6171875 0.72890625 0.6171875 0.72890625 0.621875 0.7234375 0.621875
3 0.7203125 0.61328125 0.7265625 0.61328125 0.7265625 0.61640625 0.7203125 0.61640625
3 0.78125 0.35 0.7875 0.35 0.7875 0.3546875 0.78125 0.3546875
