1 0.0578125 0.04140625 0.08203125 0.0296875 0.08359375 0.0328125 0.059375 0.04453125
1 0.165625 0.16015625 0.184375 0.14921875 0.1875 0.1546875 0.16875 0.165625
1 0.096875 0.28984375 0.11015625 0.28359375 0.1140625 0.29140625 0.10078125 0.29765625
1 0.1390625 0.1890625 0.15234375 0.1890625 0.15234375 0.1953125 0.1390625 0.1953125
1 0.0046875 0.2203125 0.02109375 0.2203125 0.02109375 0.23671875 0.0046875 0.23671875
1 0.02890625 0.1515625 0.03984375 0.140625 0.04453125 0.1453125 0.0328125 0.15625
1 0.0 0.1796875 0.0265625 0.159375 0.03125 0.165625 0.00546875 0.1859375
1 0.06328125 0.1171875 0.08515625 0.09375 0.09140625 0.09921875 0.06953125 0.12265625
1 0.04453125 0.14140625 0.06328125 0.12109375 0.06796875 0.12578125 0.05 0.14609375
1 0.2328125 0.12265625 0.25703125 0.1125 0.26015625 0.11875 0.2359375 0.1296875
1 0.27109375 0.10546875 0.28046875 0.10546875 0.28046875 0.1125 0.27109375 0.1125
1 0.3859375 0.08203125 0.4125 0.06875 0.41640625 0.07578125 0.3890625 0.0890625
1 0.628125 0.11171875 0.6578125 0.09453125 0.66171875 0.1015625 0.63203125 0.11875
1 0.71875 0.03671875 0.74375 0.03671875 0.74375 0.04453125 0.71875 0.04453125
1 0.68828125 0.03203125 0.709375 0.01875 0.7140625 0.025 0.6921875 0.0390625
1 0.71796875 0.00703125 0.73046875 0.00703125 0.73046875 0.015625 0.71796875 0.015625
1 0.69921875 0.003125 0.71015625 0.003125 0.71015625 0.009375 0.69921875 0.009375
1 0.8828125 0.0203125 0.91484375 0.0125 0.91640625 0.01953125 0.884375 0.02734375
1 0.71640625 0.06171875 0.73671875 0.06171875 0.73671875 0.071875 0.71640625 0.071875
1 0.60390625 0.0734375 0.62109375 0.0734375 0.62109375 0.08046875 0.60390625 0.08046875
1 0.18046875 0.11328125 0.1953125 0.11328125 0.1953125 0.11875 0.18046875 0.11875
1 0.2921875 0.0546875 0.30546875 0.04453125 0.309375 0.05 0.29609375 0.06015625
1 0.49453125 0.14140625 0.521875 0.1421875 0.521875 0.14921875 0.49375 0.14921875
1 0.46328125 0.12734375 0.49296875 0.1359375 0.490625 0.14375 0.4609375 0.13515625
1 0.4234375 0.1296875 0.43828125 0.1296875 0.43828125 0.1390625 0.4234375 0.1390625
1 0.384375 0.1046875 0.4 0.09453125 0.403125 0.1 0.3875 0.11015625
1 0.3140625 0.05234375 0.33203125 0.05234375 0.33203125 0.05859375 0.3140625 0.05859375
1 0.1890625 0.2 0.22109375 0.17890625 0.225 0.1859375 0.19296875 0.20625
1 0.1765625 0.22734375 0.203125 0.22734375 0.203125 0.23515625 0.1765625 0.23515625
1 0.25 0.20078125 0.2640625 0.19453125 0.26640625 0.20078125 0.253125 0.20625
1 0.29375 0.18125 0.3234375 0.1734375 0.32578125 0.18046875 0.29609375 0.1890625
1 -0.0015625 0.3578125 0.0671875 0.3078125 0.075 0.31953125 0.00546875 0.36953125
1 0.04375 0.265625 0.06640625 0.265625 0.06640625 0.27890625 0.04375 0.27890625
1 0.07421875 0.240625 0.09140625 0.240625 0.09140625 0.25078125 0.07421875 0.25078125
1 0.11015625 0.20859375 0.13359375 0.20859375 0.13359375 0.22265625 0.11015625 0.22265625
1 0.1203125 0.1015625 0.13671875 0.1015625 0.13671875 0.1109375 0.1203125 0.1109375
1 0.1109375 0.0875 0.13515625 0.0875 0.13515625 0.09609375 0.1109375 0.09609375
1 0.13046875 0.08046875 0.14765625 0.06484375 0.15390625 0.071875 0.13671875 0.0875
1 0.15546875 0.04375 0.18515625 0.02578125 0.19140625 0.0359375 0.16171875 0.05390625
1 0.1765625 0.0234375 0.2234375 -0.00390625 0.22734375 0.0015625 0.1796875 0.02890625
1 0.128125 0.04453125 0.159375 0.028125 0.1625 0.03359375 0.13125 0.05
1 0.05 0.06796875 0.0859375 0.0484375 0.08828125 0.05234375 0.05234375 0.07265625
