3 0.1796875 0.74296875 0.184375 0.74296875 0.184375 0.7484375 0.1796875 0.7484375
3 0.1703125 0.81640625 0.17734375 0.81640625 0.17734375 0.82265625 0.1703125 0.82265625
3 0.44140625 0.93984375 0.4484375 0.93984375 0.4484375 0.9453125 0.44140625 0.9453125
3 0.4375 0.8359375 0.4453125 0.8359375 0.4453125 0.84296875 0.4375 0.84296875
3 0.0984375 0.63828125 0.10546875 0.63828125 0.10546875 0.6421875 0.0984375 0.6421875
3 0.13828125 0.6484375 0.1484375 0.6484375 0.1484375 0.6546875 0.13828125 0.6546875
3 0.0046875 0.49609375 0.0109375 0.49609375 0.0109375 0.50078125 0.0046875 0.50078125
3 0.54375 0.52109375 0.5578125 0.52109375 0.5578125 0.5546875 0.54375 0.5546875
3 0.5703125 0.52421875 0.5765625 0.5296875 0.5609375 0.55 0.5546875 0.5453125
3 0.6953125 0.47421875 0.7046875 0.46953125 0.71953125 0.50078125 0.71015625 0.50546875
3 0.81484375 0.3828125 0.8203125 0.3828125 0.8203125 0.38828125 0.81484375 0.38828125
3 0.84375 0.1390625 0.8515625 0.1390625 0.8515625 0.146875 0.84375 0.146875
3 0.84453125 0.0515625 0.86640625 0.0515625 0.86640625 0.07265625 0.84453125 0.07265625
3 0.85625 0.0734375 0.8703125 0.0734375 0.8703125 0.084375 0.85625 0.084375
3 0.86796875 0.0640625 0.88359375 0.0640625 0.88359375 0.07734375 0.86796875 0.07734375
0 0.0625 0.9734375 0.0765625 0.9796875 0.075 0.984375 0.06015625 0.978125
