3 0.88046875 0.92265625 0.89375 0.92265625 0.89375 0.93515625 0.88046875 0.93515625
0 0.5640625 0.8359375 0.57734375 0.8359375 0.57734375 0.86796875 0.5640625 0.86796875
0 0.68125 0.94765625 0.68828125 0.95703125 0.6515625 0.984375 0.64453125 0.975
0 0.67578125 0.77734375 0.7109375 0.75625 0.7171875 0.76640625 0.68203125 0.7875
0 0.58984375 0.7359375 0.625 0.7359375 0.625 0.7453125 0.58984375 0.7453125
0 0.71015625 0.71015625 0.7375 0.69765625 0.7421875 0.70703125 0.7140625 0.71953125
0 0.7671875 0.70078125 0.79296875 0.6875 0.7984375 0.696875 0.771875 0.7109375
0 0.81171875 0.59453125 0.8171875 0.59453125 0.8171875 0.60078125 0.81171875 0.60078125
0 0.73046875 0.73515625 0.73515625 0.74140625 0.7171875 0.75625 0.7125 0.75078125
0 0.7890625 0.65703125 0.7921875 0.6609375 0.78046875 0.67421875 0.7765625 0.6703125
0 0.77578125 0.6359375 0.7859375 0.6359375 0.7859375 0.64921875 0.77578125 0.64921875
0 0.79375 0.61875 0.80078125 0.62421875 0.78984375 0.63828125 0.7828125 0.6328125
0 0.8078125 0.60078125 0.815625 0.60859375 0.80078125 0.62265625 0.79375 0.61484375
0 0.86328125 0.52734375 0.871875 0.52734375 0.871875 0.5453125 0.86328125 0.5453125
0 0.9328125 0.4453125 0.940625 0.44921875 0.925 0.4765625 0.91796875 0.471875
0 0.9484375 0.41171875 0.9546875 0.41640625 0.9390625 0.43359375 0.93359375 0.428125
0 0.959375 0.42109375 0.96328125 0.42578125 0.9390625 0.44453125 0.93515625 0.43984375
0 0.99765625 0.39609375 1.0015625 0.403125 0.98515625 0.41171875 0.98125 0.40546875
0 0.9640625 0.08984375 0.97578125 0.08984375 0.97578125 0.10703125 0.9640625 0.10703125
0 0.96015625 0.10703125 0.9671875 0.10703125 0.9671875 0.11875 0.96015625 0.11875
0 0.409375 0.7703125 0.41484375 0.76328125 0.43515625 0.7796875 0.4296875 0.78671875
0 0.33046875 0.7171875 0.3375 0.71015625 0.3546875 0.7265625 0.34765625 0.73359375
0 0.2953125 0.6890625 0.3125 0.6890625 0.3125 0.696875 0.2953125 0.696875
0 0.29140625 0.640625 0.30390625 0.640625 0.30390625 0.65859375 0.29140625 0.65859375
0 0.23984375 0.65390625 0.2484375 0.65390625 0.2484375 0.6703125 0.23984375 0.6703125
0 0.23125 0.628125 0.24140625 0.628125 0.24140625 0.640625 0.23125 0.640625
0 0.23359375 0.60390625 0.2421875 0.60390625 0.2421875 0.621875 0.23359375 0.621875
0 0.2625 0.63984375 0.2796875 0.63984375 0.2796875 0.6546875 0.2625 0.6546875
0 0.22109375 0.575 0.23046875 0.575 0.23046875 0.58984375 0.22109375 0.58984375
0 0.20234375 0.6078125 0.21484375 0.6140625 0.2109375 0.6203125 0.1984375 0.6140625
0 0.284375 0.59453125 0.2921875 0.59296875 0.296875 0.60859375 0.2890625 0.6109375
0 0.321875 0.48046875 0.33046875 0.47890625 0.3359375 0.49921875 0.32734375 0.5015625
0 0.2734375 0.4390625 0.28359375 0.4390625 0.28359375 0.46484375 0.2734375 0.46484375
0 0.2828125 0.48671875 0.29296875 0.4859375 0.29609375 0.5171875 0.2859375 0.51796875
0 0.321875 0.43671875 0.3296875 0.43671875 0.3296875 0.46640625 0.321875 0.46640625
0 0.26171875 0.45 0.26796875 0.453125 0.259375 0.47109375 0.253125 0.46875
3 0.52109375 0.21484375 0.528125 0.21484375 0.528125 0.21875 0.52109375 0.21875
0 0.35078125 0.32890625 0.35625 0.33125 0.3484375 0.35234375 0.34296875 0.35078125
0 0.31796875 0.33046875 0.32265625 0.33359375 0.31484375 0.34453125 0.31015625 0.34140625
0 0.4125 0.15859375 0.41875 0.16328125 0.396875 0.19609375 0.390625 0.1921875
0 0.48359375 0.2109375 0.4984375 0.2109375 0.4984375 0.225 0.48359375 0.225
0 0.4796875 0.16640625 0.48671875 0.1734375 0.44140625 0.21640625 0.434375 0.20859375
0 0.43515625 0.21796875 0.440625 0.2234375 0.40703125 0.25390625 0.40234375 0.2484375
0 0.57890625 0.071875 0.58359375 0.0765625 0.5515625 0.11015625 0.54609375 0.10546875
0 0.6453125 0.04453125 0.65234375 0.0515625 0.640625 0.065625 0.6328125 0.05859375
0 0.628125 0.0734375 0.63359375 0.0765625 0.62265625 0.0953125 0.6171875 0.09140625
0 0.2625 0.025 0.2703125 0.0296875 0.25390625 0.053125 0.246875 0.04765625
0 0.5953125 -0.00390625 0.61171875 0.0 0.59375 0.0640625 0.578125 0.06015625
0 0.0796875 0.59609375 0.09609375 0.59609375 0.09609375 0.60546875 0.0796875 0.60546875
0 0.06171875 0.56796875 0.07421875 0.56328125 0.0765625 0.56875 0.0640625 0.57421875
0 0.1609375 0.53984375 0.1734375 0.53984375 0.1734375 0.55 0.1609375 0.55
0 0.13359375 0.5 0.14375 0.5 0.14375 0.50859375 0.13359375 0.50859375
0 0.32109375 0.14609375 0.33984375 0.14609375 0.33984375 0.15703125 0.32109375 0.15703125
