2 0.4984375 0.03515625 0.5046875 0.028125 0.5328125 0.053125 0.52578125 0.0609375
2 0.57421875 0.0390625 0.59296875 0.04609375 0.58984375 0.05546875 0.57109375 0.04765625
2 0.6453125 0.0359375 0.67421875 0.04765625 0.6703125 0.0578125 0.64140625 0.04609375
2 0.675 0.06328125 0.6953125 0.06328125 0.6953125 0.071875 0.675 0.071875
2 0.53359375 0.090625 0.53984375 0.0828125 0.5609375 0.10078125 0.5546875 0.10859375
2 0.76953125 0.05546875 0.7734375 0.04921875 0.7890625 0.05859375 0.78515625 0.06484375
2 0.80078125 0.0796875 0.81875 0.0796875 0.81875 0.0921875 0.80078125 0.0921875
2 0.94375 0.0953125 0.95703125 0.0953125 0.95703125 0.10390625 0.94375 0.10390625
2 0.94375 0.16953125 0.9671875 0.16953125 0.9671875 0.17734375 0.94375 0.17734375
2 0.89921875 0.1359375 0.921875 0.14765625 0.91953125 0.15234375 0.896875 0.140625
2 0.9234375 0.0 0.98984375 0.0 0.98984375 0.00625 0.9234375 0.00625
