0 0.71015625 0.90703125 0.75234375 0.9203125 0.7484375 0.9328125 0.70625 0.9203125
0 0.28046875 0.12578125 0.29921875 0.1125 0.30625 0.12265625 0.28828125 0.1359375
3 0.75078125 0.03984375 0.76796875 0.03984375 0.76796875 0.05078125 0.75078125 0.05078125
0 0.1640625 0.21953125 0.1859375 0.21953125 0.1859375 0.2265625 0.1640625 0.2265625
0 0.8953125 0.95078125 0.89921875 0.95390625 0.88515625 0.96875 0.88203125 0.96484375
0 0.9140625 0.803125 0.9296875 0.79296875 0.9328125 0.79765625 0.91640625 0.8078125
0 0.5859375 0.12421875 0.6109375 0.12421875 0.6109375 0.13671875 0.5859375 0.13671875
0 0.4875 0.04296875 0.50234375 0.03125 0.50859375 0.0390625 0.49375 0.05078125
0 0.5328125 0.3890625 0.55859375 0.3890625 0.55859375 0.39921875 0.5328125 0.39921875
0 0.95859375 0.75234375 0.978125 0.73671875 0.9890625 0.75 0.96953125 0.765625
0 0.15625 0.040625 0.1640625 0.0453125 0.15625 0.059375 0.1484375 0.0546875
0 0.76328125 0.21171875 0.7734375 0.20546875 0.78125 0.21796875 0.77109375 0.22421875
0 0.7953125 0.04765625 0.8046875 0.04765625 0.8046875 0.06171875 0.7953125 0.06171875
0 0.1875 0.54453125 0.20625 0.53515625 0.209375 0.54140625 0.190625 0.5515625
3 0.4921875 0.378125 0.49609375 0.378125 0.49609375 0.38203125 0.4921875 0.38203125
3 0.390625 0.4109375 0.3953125 0.4109375 0.3953125 0.41328125 0.390625 0.41328125
3 0.7640625 0.91328125 0.7703125 0.91328125 0.7703125 0.9171875 0.7640625 0.9171875
0 0.89765625 0.28125 0.91640625 0.28125 0.91640625 0.303125 0.89765625 0.303125
0 0.446875 0.52578125 0.47578125 0.5375 0.4734375 0.5453125 0.44453125 0.53359375
0 0.24609375 0.81875 0.27421875 0.80390625 0.278125 0.81171875 0.25 0.82578125
0 0.59921875 0.6671875 0.60390625 0.66953125 0.5984375 0.67890625 0.59453125 0.67734375
