1 0.00390625 0.6015625 0.02734375 0.58515625 0.03515625 0.59609375 0.01171875 0.61328125
1 0.3328125 0.6984375 0.35 0.69609375 0.3515625 0.7078125 0.33515625 0.71015625
1 0.253125 0.79765625 0.259375 0.79765625 0.259375 0.809375 0.253125 0.809375
1 0.29296875 0.86328125 0.33203125 0.86328125 0.33203125 0.87421875 0.29296875 0.87421875
1 0.425 0.559375 0.4515625 0.54140625 0.45859375 0.5515625 0.43203125 0.56953125
1 0.33359375 0.32578125 0.35703125 0.32578125 0.35703125 0.3390625 0.33359375 0.3390625
1 0.18203125 0.40546875 0.20625 0.409375 0.20546875 0.4171875 0.18046875 0.4140625
1 0.671875 0.1859375 0.68671875 0.18203125 0.696875 0.215625 0.6828125 0.2203125
1 0.84453125 0.46171875 0.865625 0.46171875 0.865625 0.484375 0.84453125 0.484375
1 0.61796875 0.3546875 0.62578125 0.3484375 0.6359375 0.36171875 0.628125 0.36796875
1 0.46484375 0.4109375 0.490625 0.39453125 0.5 0.41015625 0.475 0.4265625
1 0.5171875 0.45078125 0.521875 0.446875 0.53671875 0.46171875 0.53203125 0.465625
1 0.67421875 0.3953125 0.68828125 0.3953125 0.68828125 0.40859375 0.67421875 0.40859375
1 0.8796875 0.6859375 0.88671875 0.6875 0.88203125 0.70390625 0.875 0.7015625
1 0.93828125 0.8328125 0.95078125 0.8328125 0.95078125 0.85625 0.93828125 0.85625
1 0.8578125 0.9828125 0.88203125 0.984375 0.88125 0.99453125 0.85703125 0.9921875
1 0.00859375 0.91875 0.03203125 0.89765625 0.03984375 0.90625 0.01640625 0.92734375
1 0.03203125 0.85625 0.03828125 0.85546875 0.04140625 0.87734375 0.03515625 0.878125
1 0.0234375 0.86015625 0.0296875 0.8578125 0.0375 0.884375 0.03203125 0.8859375
3 0.13984375 0.0921875 0.1453125 0.0921875 0.1453125 0.09765625 0.13984375 0.09765625
3 0.57265625 0.70703125 0.58671875 0.70703125 0.58671875 0.71953125 0.57265625 0.71953125
3 0.55625 0.7515625 0.56015625 0.7515625 0.56015625 0.75546875 0.55625 0.75546875
3 0.4265625 0.89296875 0.43359375 0.89296875 0.43359375 0.9 0.4265625 0.9
3 0.01953125 0.284375 0.02421875 0.284375 0.02421875 0.2875 0.01953125 0.2875
1 0.021875 0.2671875 0.02890625 0.2671875 0.02890625 0.275 0.021875 0.275
1 0.03203125 0.3359375 0.03828125 0.33125 0.0515625 0.346875 0.0453125 0.35234375
1 0.4984375 0.9015625 0.53046875 0.8984375 0.53203125 0.9140625 0.5 0.9171875
1 0.6078125 0.73203125 0.62421875 0.73203125 0.62421875 0.7390625 0.6078125 0.7390625
1 0.83359375 0.50390625 0.83984375 0.50390625 0.83984375 0.51875 0.83359375 0.51875
1 0.96015625 0.37265625 0.978125 0.3859375 0.971875 0.39453125 0.95390625 0.38125
1 0.53828125 0.1515625 0.55703125 0.1375 0.56171875 0.14375 0.54296875 0.1578125
1 0.3265625 0.178125 0.34140625 0.178125 0.34140625 0.190625 0.3265625 0.190625
3 0.54609375 0.528125 0.55078125 0.528125 0.55078125 0.53359375 0.54609375 0.53359375
3 0.54140625 0.52578125 0.54765625 0.52109375 0.55 0.525 0.54375 0.5296875
3 0.4484375 0.6078125 0.45546875 0.6078125 0.45546875 0.61484375 0.4484375 0.61484375
1 0.02578125 0.84296875 0.03125 0.8390625 0.0375 0.8484375 0.03203125 0.85234375
