3 0.8703125 0.22890625 0.8734375 0.22890625 0.8734375 0.23203125 0.8703125 0.23203125
0 0.86640625 0.2453125 0.8734375 0.2453125 0.8734375 0.26015625 0.86640625 0.26015625
0 0.68359375 0.5828125 0.70390625 0.5828125 0.70390625 0.59296875 0.68359375 0.59296875
3 0.88515625 0.57109375 0.88984375 0.57109375 0.88984375 0.57578125 0.88515625 0.57578125
0 0.9390625 0.57265625 0.9453125 0.57890625 0.9265625 0.59765625 0.9203125 0.590625
0 0.534375 0.20390625 0.5375 0.20390625 0.5375 0.20703125 0.534375 0.20703125
0 0.74609375 0.4296875 0.75546875 0.43828125 0.7421875 0.45390625 0.7328125 0.4453125
0 0.7453125 0.41875 0.7546875 0.41875 0.7546875 0.4328125 0.7453125 0.4328125
0 0.83515625 0.31171875 0.83984375 0.31328125 0.834375 0.3328125 0.8296875 0.33125
0 0.72734375 0.4421875 0.734375 0.44609375 0.72265625 0.46796875 0.715625 0.4640625
3 0.7609375 0.31640625 0.76484375 0.31640625 0.76484375 0.3203125 0.7609375 0.3203125
0 0.90234375 0.78046875 0.91328125 0.7859375 0.90078125 0.81484375 0.88984375 0.81015625
0 0.39140625 0.26640625 0.40546875 0.26640625 0.40546875 0.28046875 0.39140625 0.28046875
0 0.40390625 0.19765625 0.41640625 0.19765625 0.41640625 0.2109375 0.40390625 0.2109375
0 0.0875 0.33203125 0.09140625 0.33671875 0.06796875 0.35703125 0.0640625 0.3515625
0 0.07421875 0.7171875 0.08515625 0.715625 0.0875 0.73203125 0.07734375 0.73359375
0 0.71015625 0.34296875 0.72109375 0.34296875 0.72109375 0.3578125 0.71015625 0.3578125
0 0.421875 0.22265625 0.43046875 0.22109375 0.43359375 0.23984375 0.42578125 0.24140625
0 0.10703125 0.62578125 0.11953125 0.62578125 0.11953125 0.6390625 0.10703125 0.6390625
0 0.09140625 0.64765625 0.10234375 0.64765625 0.10234375 0.66484375 0.09140625 0.66484375
0 0.3125 0.3671875 0.33828125 0.3671875 0.33828125 0.38203125 0.3125 0.38203125
0 0.28125 0.4765625 0.3046875 0.4765625 0.3046875 0.49140625 0.28125 0.49140625
0 0.19921875 0.44453125 0.22265625 0.44453125 0.22265625 0.4546875 0.19921875 0.4546875
0 0.00546875 0.64140625 0.0171875 0.6265625 0.02578125 0.63359375 0.01484375 0.6484375
3 0.69375 0.32265625 0.696875 0.32265625 0.696875 0.3265625 0.69375 0.3265625
3 0.6921875 0.3140625 0.6953125 0.3140625 0.6953125 0.3171875 0.6921875 0.3171875
0 0.0578125 0.16640625 0.06328125 0.1671875 0.059375 0.19765625 0.05390625 0.196875
0 0.4296875 0.25234375 0.43671875 0.25703125 0.4234375 0.275 0.4171875 0.2703125
0 0.05859375 0.35390625 0.065625 0.35625 0.059375 0.3734375 0.0515625 0.3703125
0 0.040625 0.41484375 0.05 0.4046875 0.06484375 0.41875 0.05625 0.428125
0 0.3953125 0.50859375 0.4203125 0.50859375 0.4203125 0.51875 0.3953125 0.51875
0 0.0484375 0.375 0.06484375 0.3796875 0.05859375 0.4015625 0.04140625 0.39609375
0 0.671875 0.5328125 0.69375 0.5328125 0.69375 0.53828125 0.671875 0.53828125
0 0.46640625 0.58671875 0.471875 0.58515625 0.47734375 0.6015625 0.471875 0.603125
0 0.7203125 0.57734375 0.7296875 0.584375 0.71953125 0.596875 0.71015625 0.58984375
0 0.58984375 0.046875 0.603125 0.04765625 0.603125 0.065625 0.58984375 0.065625
0 0.63359375 0.06171875 0.640625 0.06015625 0.64921875 0.0875 0.64296875 0.08984375
0 0.615625 0.12421875 0.621875 0.1203125 0.63515625 0.14140625 0.62890625 0.1453125
