1 0.7515625 0.7328125 0.7671875 0.7328125 0.7671875 0.753125 0.7515625 0.753125
1 0.8296875 0.7984375 0.846875 0.7984375 0.846875 0.81640625 0.8296875 0.81640625
1 0.7796875 0.81484375 0.79453125 0.82109375 0.78359375 0.846875 0.76875 0.840625
1 0.8078125 0.81875 0.825 0.81875 0.825 0.8328125 0.8078125 0.8328125
1 0.778125 0.8671875 0.790625 0.8671875 0.790625 0.88046875 0.778125 0.88046875
1 0.8 0.8328125 0.81171875 0.8390625 0.80390625 0.85390625 0.7921875 0.84765625
1 0.85703125 0.76328125 0.86484375 0.76328125 0.86484375 0.78203125 0.85703125 0.78203125
1 0.66015625 0.85859375 0.68671875 0.85859375 0.68671875 0.8734375 0.66015625 0.8734375
1 0.6875 0.82734375 0.70546875 0.82734375 0.70546875 0.84296875 0.6875 0.84296875
1 0.684375 0.80546875 0.69609375 0.80546875 0.69609375 0.815625 0.684375 0.815625
1 0.71015625 0.78828125 0.721875 0.78828125 0.721875 0.79453125 0.71015625 0.79453125
1 0.7453125 0.78984375 0.7609375 0.78984375 0.7609375 0.80859375 0.7453125 0.80859375
1 0.63359375 0.75546875 0.65625 0.75546875 0.65625 0.7625 0.63359375 0.7625
1 0.53046875 0.94921875 0.54140625 0.95625 0.5328125 0.97109375 0.521875 0.9640625
1 0.4671875 0.98359375 0.49453125 0.98359375 0.49453125 0.99921875 0.4671875 0.99921875
1 0.396875 0.9625 0.4375 0.94765625 0.4421875 0.95859375 0.40078125 0.9734375
1 0.37734375 0.9296875 0.39921875 0.9296875 0.39921875 0.9515625 0.37734375 0.9515625
1 0.46796875 0.9578125 0.4890625 0.94140625 0.49375 0.94765625 0.47265625 0.9640625
1 0.559375 0.975 0.56953125 0.975 0.56953125 0.9859375 0.559375 0.9859375
1 0.65234375 0.9625 0.66328125 0.9625 0.66328125 0.9828125 0.65234375 0.9828125
1 0.6640625 0.978125 0.6765625 0.978125 0.675 0.99921875 0.6625 0.9984375
1 0.703125 0.975 0.71796875 0.975 0.71796875 0.99453125 0.703125 0.99453125
1 0.59453125 0.72109375 0.61328125 0.72109375 0.61328125 0.7296875 0.59453125 0.7296875
1 0.53984375 0.64453125 0.54453125 0.64453125 0.54453125 0.65390625 0.53984375 0.65390625
1 0.590625 0.5796875 0.60234375 0.5796875 0.60234375 0.60234375 0.590625 0.60234375
1 0.7578125 0.6046875 0.77109375 0.61015625 0.7625 0.63125 0.74921875 0.6265625
1 0.83828125 0.6109375 0.8484375 0.6109375 0.8484375 0.61875 0.83828125 0.61875
1 0.82578125 0.6484375 0.834375 0.6484375 0.834375 0.65703125 0.82578125 0.65703125
1 0.83046875 0.63984375 0.8359375 0.63984375 0.8359375 0.64609375 0.83046875 0.64609375
1 0.8375 0.6390625 0.84296875 0.6390625 0.84296875 0.64609375 0.8375 0.64609375
1 0.90390625 0.63828125 0.9109375 0.63828125 0.9109375 0.659375 0.90390625 0.659375
1 0.90546875 0.52734375 0.91484375 0.53125 0.909375 0.54765625 0.89921875 0.54453125
1 0.92578125 0.525 0.93984375 0.53125 0.9296875 0.553125 0.915625 0.546875
1 0.93828125 0.4828125 0.95 0.48515625 0.94296875 0.528125 0.93125 0.5265625
1 0.95 0.43125 0.95859375 0.43125 0.95859375 0.459375 0.95 0.459375
1 0.87890625 0.46171875 0.88984375 0.46171875 0.88984375 0.471875 0.87890625 0.471875
1 0.709375 0.4421875 0.725 0.44921875 0.7171875 0.4671875 0.7015625 0.46015625
1 0.76953125 0.43515625 0.78203125 0.43515625 0.78203125 0.44921875 0.76953125 0.44921875
1 0.76484375 0.54453125 0.77578125 0.54453125 0.77578125 0.553125 0.76484375 0.553125
1 0.71328125 0.5703125 0.73125 0.5703125 0.73125 0.590625 0.71328125 0.590625
1 0.6328125 0.50625 0.6390625 0.50859375 0.63359375 0.52578125 0.6265625 0.5234375
1 0.6421875 0.4046875 0.65 0.4046875 0.65 0.41875 0.6421875 0.41875
1 0.6828125 0.33046875 0.69296875 0.33046875 0.69296875 0.34453125 0.6828125 0.34453125
1 0.6625 0.26484375 0.67265625 0.26328125 0.6796875 0.3 0.66953125 0.30234375
1 0.76953125 0.27109375 0.778125 0.27578125 0.765625 0.29921875 0.7578125 0.2953125
1 0.7921875 0.22734375 0.7984375 0.22734375 0.7984375 0.240625 0.7921875 0.240625
1 0.8078125 0.20703125 0.8171875 0.20703125 0.8171875 0.2234375 0.8078125 0.2234375
1 0.85546875 0.16484375 0.8734375 0.16484375 0.8734375 0.184375 0.85546875 0.184375
1 0.90234375 0.25390625 0.9140625 0.25390625 0.9140625 0.2734375 0.90234375 0.2734375
1 0.9609375 0.32109375 0.9671875 0.31484375 0.9765625 0.32421875 0.9703125 0.33046875
1 0.95234375 0.20390625 0.9703125 0.20390625 0.9703125 0.21640625 0.95234375 0.21640625
1 0.98046875 0.18515625 0.98671875 0.18515625 0.98671875 0.1953125 0.98046875 0.1953125
1 0.86953125 0.12890625 0.878125 0.12890625 0.878125 0.15234375 0.86953125 0.15234375
1 0.88125 0.109375 0.8875 0.11484375 0.8765625 0.12734375 0.8703125 0.121875
1 0.87109375 0.01171875 0.8796875 0.01796875 0.86875 0.03203125 0.8609375 0.02578125
1 0.890625 0.08359375 0.9046875 0.08359375 0.9046875 0.096875 0.890625 0.096875
1 0.43203125 0.3984375 0.44140625 0.3984375 0.44140625 0.4125 0.43203125 0.4125
3 0.56015625 0.63515625 0.56875 0.63515625 0.56875 0.64375 0.56015625 0.64375
3 0.41953125 0.40703125 0.42421875 0.40703125 0.42421875 0.41171875 0.41953125 0.41171875
