2 0.43515625 0.51796875 0.44296875 0.5265625 0.4234375 0.54453125 0.415625 0.5359375
2 0.3578125 0.93359375 0.38671875 0.93359375 0.38671875 0.96328125 0.3578125 0.96328125
2 0.33984375 0.896875 0.35859375 0.91328125 0.35078125 0.921875 0.33203125 0.90546875
2 0.19921875 0.83359375 0.21875 0.84609375 0.19453125 0.88203125 0.17578125 0.86953125
2 0.14765625 0.7953125 0.1578125 0.8046875 0.1359375 0.828125 0.125 0.81875
2 0.49296875 0.78359375 0.5015625 0.79375 0.4796875 0.81171875 0.471875 0.80234375
2 0.434375 0.8046875 0.453125 0.8046875 0.453125 0.8140625 0.434375 0.8140625
2 0.20546875 0.734375 0.215625 0.734375 0.215625 0.759375 0.20546875 0.759375
2 0.24921875 0.70078125 0.26484375 0.70078125 0.26484375 0.71171875 0.24921875 0.71171875
2 0.2578125 0.62421875 0.26328125 0.6328125 0.234375 0.6515625 0.22890625 0.6421875
2 0.49296875 0.45 0.5 0.4546875 0.48203125 0.48046875 0.475 0.475
2 0.31796875 0.50390625 0.328125 0.5125 0.309375 0.53359375 0.29921875 0.52578125
2 0.284375 0.55625 0.29296875 0.56328125 0.28046875 0.578125 0.27265625 0.57109375
2 0.48515625 0.28828125 0.49609375 0.28828125 0.49609375 0.321875 0.48515625 0.321875
2 0.4046875 0.31328125 0.42109375 0.31328125 0.42109375 0.32578125 0.4046875 0.32578125
2 0.3546875 0.39375 0.36875 0.39375 0.36875 0.409375 0.3546875 0.409375
2 0.40234375 0.34296875 0.409375 0.3453125 0.40234375 0.3625 0.3953125 0.359375
2 0.38359375 0.34140625 0.39140625 0.34140625 0.39140625 0.353125 0.38359375 0.353125
2 0.39140625 0.31875 0.39921875 0.325 0.38984375 0.3359375 0.38203125 0.33046875
2 0.33828125 0.38046875 0.34921875 0.38046875 0.34921875 0.3953125 0.33828125 0.3953125
2 0.34765625 0.4140625 0.35546875 0.4203125 0.34296875 0.43671875 0.33515625 0.43046875
2 0.3375 0.40390625 0.346875 0.41171875 0.33125 0.43046875 0.321875 0.42265625
2 0.31328125 0.43359375 0.325 0.43359375 0.325 0.4453125 0.31328125 0.4453125
2 0.29609375 0.45234375 0.30234375 0.46015625 0.2859375 0.47265625 0.2796875 0.46484375
2 0.3125 0.46015625 0.3171875 0.4671875 0.30234375 0.4765625 0.29765625 0.46875
2 0.3 0.43515625 0.30546875 0.440625 0.2953125 0.45078125 0.28984375 0.44453125
2 0.275 0.45625 0.2796875 0.4625 0.26953125 0.46953125 0.26484375 0.46328125
2 0.271875 0.475 0.27734375 0.48125 0.25859375 0.49609375 0.25390625 0.48984375
2 0.2484375 0.484375 0.25546875 0.49296875 0.2328125 0.5125 0.22578125 0.50390625
2 0.31875 0.45546875 0.32734375 0.45546875 0.32734375 0.46171875 0.31875 0.46171875
2 0.2734375 0.49921875 0.27734375 0.50859375 0.2578125 0.51875 0.253125 0.509375
2 0.2078125 0.49765625 0.21953125 0.50234375 0.2078125 0.53125 0.19609375 0.5265625
2 0.2328125 0.5109375 0.2515625 0.5109375 0.2515625 0.54609375 0.2328125 0.54609375
2 0.2046875 0.5359375 0.21796875 0.5359375 0.21796875 0.54921875 0.2046875 0.54921875
2 0.17109375 0.528125 0.1984375 0.528125 0.1984375 0.54140625 0.17109375 0.54140625
2 0.89921875 0.121875 0.90546875 0.13359375 0.8765625 0.14921875 0.8703125 0.1375
2 0.74609375 0.58125 0.75234375 0.58828125 0.7390625 0.6 0.7328125 0.59375
2 0.8296875 0.04140625 0.8390625 0.03203125 0.85703125 0.05078125 0.84765625 0.06015625
2 0.55234375 0.15390625 0.56328125 0.15390625 0.56328125 0.17578125 0.55234375 0.17578125
2 0.8 0.0265625 0.81484375 0.0125 0.83359375 0.0328125 0.81875 0.04609375
2 0.7734375 0.00234375 0.7828125 -0.00625 0.80234375 0.0109375 0.79296875 0.02109375
2 0.4359375 0.01015625 0.4578125 0.0 0.4625 0.01015625 0.440625 0.0203125
2 0.26015625 0.04765625 0.28984375 0.03671875 0.29296875 0.04453125 0.26328125 0.05625
2 0.1625 0.14609375 0.1890625 0.13046875 0.19453125 0.1390625 0.16796875 0.1546875
2 0.2953125 0.26796875 0.30625 0.27734375 0.2859375 0.3015625 0.275 0.2921875
2 0.18984375 0.27734375 0.20234375 0.27734375 0.20234375 0.30234375 0.18984375 0.30234375
2 0.234375 0.31875 0.24765625 0.31875 0.24765625 0.33046875 0.234375 0.33046875
2 0.15546875 0.265625 0.16015625 0.25703125 0.18125 0.26875 0.17734375 0.2765625
2 0.20625 0.3796875 0.21640625 0.38828125 0.19296875 0.41640625 0.1828125 0.4078125
