2 0.253125 0.52734375 0.2671875 0.5171875 0.30234375 0.56640625 0.28828125 0.5765625
2 0.084375 0.11796875 0.09765625 0.103125 0.14296875 0.14375 0.12890625 0.15859375
2 0.08671875 0.0671875 0.09375 0.05546875 0.12109375 0.07265625 0.1140625 0.08359375
2 0.14765625 0.1203125 0.153125 0.1078125 0.2046875 0.13125 0.1984375 0.14453125
2 0.13984375 0.09375 0.14375 0.08515625 0.175 0.1015625 0.17109375 0.109375
2 0.37734375 0.68515625 0.3890625 0.68515625 0.3890625 0.71640625 0.37734375 0.71640625
2 0.26796875 0.51328125 0.275 0.5078125 0.3109375 0.55703125 0.303125 0.56171875
2 0.69140625 0.7359375 0.71015625 0.725 0.7359375 0.771875 0.71796875 0.78203125
2 0.72265625 0.7984375 0.74140625 0.78359375 0.7953125 0.8546875 0.7765625 0.86953125
2 0.2875 0.30859375 0.29921875 0.29765625 0.31953125 0.3203125 0.3078125 0.33125
2 0.4640625 0.3 0.47265625 0.29375 0.48515625 0.309375 0.4765625 0.315625
2 0.5453125 0.43046875 0.55546875 0.425 0.58046875 0.465625 0.5703125 0.471875
2 0.61875 0.5875 0.625 0.58203125 0.64609375 0.6046875 0.63984375 0.6109375
2 0.6171875 0.61328125 0.63203125 0.61328125 0.63203125 0.628125 0.6171875 0.628125
2 0.13203125 0.24921875 0.14609375 0.24921875 0.14609375 0.2640625 0.13203125 0.2640625
2 0.22265625 0.48984375 0.23046875 0.48125 0.25234375 0.5046875 0.24375 0.5125
2 0.4375 0.44609375 0.4453125 0.43984375 0.465625 0.465625 0.4578125 0.471875
2 0.2640625 0.2828125 0.28125 0.2828125 0.28125 0.29609375 0.2640625 0.29609375
2 0.28828125 0.3328125 0.3046875 0.3328125 0.3046875 0.3484375 0.28828125 0.3484375
2 0.1828125 0.44921875 0.19296875 0.43984375 0.21953125 0.46875 0.209375 0.478125
2 0.35546875 0.72265625 0.3640625 0.71484375 0.4015625 0.7578125 0.39296875 0.765625
2 0.4421875 0.77421875 0.4484375 0.7671875 0.47109375 0.7875 0.4640625 0.79453125
2 0.58359375 0.70859375 0.60390625 0.69765625 0.64140625 0.765625 0.62109375 0.7765625
2 0.525 0.8734375 0.5375 0.865625 0.55703125 0.89765625 0.54453125 0.90546875
2 0.35859375 0.53515625 0.3796875 0.53515625 0.3796875 0.55078125 0.35859375 0.55078125
2 0.46796875 0.540625 0.48671875 0.540625 0.48671875 0.56484375 0.46796875 0.56484375
2 0.446875 0.64375 0.45625 0.6296875 0.4859375 0.6484375 0.4765625 0.6625
2 0.6375 0.65625 0.6515625 0.64609375 0.68125 0.68671875 0.6671875 0.696875
2 0.80703125 0.9171875 0.81875 0.9078125 0.85625 0.9578125 0.84453125 0.96640625
2 0.55 0.9078125 0.5671875 0.89765625 0.6046875 0.95859375 0.5875 0.96875
2 0.50078125 0.8359375 0.52421875 0.8359375 0.52421875 0.859375 0.50078125 0.859375
2 0.59296875 0.7875 0.61484375 0.7875 0.61484375 0.81171875 0.59296875 0.81171875
2 0.33203125 0.6859375 0.33984375 0.6796875 0.35859375 0.70234375 0.35 0.70859375
