2 0.40234375 0.07265625 0.41796875 0.07265625 0.41796875 0.0890625 0.40234375 0.0890625
2 0.48515625 0.1421875 0.4921875 0.1421875 0.4921875 0.15625 0.48515625 0.15625
2 0.41875 0.2078125 0.43046875 0.2078125 0.43046875 0.221875 0.41875 0.221875
2 0.34296875 0.21875 0.35 0.21875 0.35 0.2515625 0.34296875 0.2515625
2 0.32109375 0.23359375 0.33515625 0.23125 0.34765625 0.28984375 0.33359375 0.29296875
2 0.4078125 0.34453125 0.41953125 0.34453125 0.41953125 0.3640625 0.4078125 0.3640625
2 0.3796875 0.32890625 0.390625 0.32890625 0.390625 0.35234375 0.3796875 0.35234375
2 0.43515625 0.29375 0.44609375 0.2875 0.45703125 0.30625 0.44609375 0.3125
2 0.54921875 0.303125 0.565625 0.303125 0.565625 0.3296875 0.54921875 0.3296875
2 0.50859375 0.3484375 0.51875 0.3484375 0.51875 0.36171875 0.50859375 0.36171875
2 0.49921875 0.359375 0.5109375 0.359375 0.5109375 0.37265625 0.49921875 0.37265625
2 0.52890625 0.2140625 0.5421875 0.2140625 0.5421875 0.2296875 0.52890625 0.2296875
2 0.44296875 0.25859375 0.4515625 0.25859375 0.4515625 0.27890625 0.44296875 0.27890625
2 0.34375 0.05234375 0.3546875 0.05 0.3609375 0.0828125 0.35078125 0.08515625
2 0.44375 0.47578125 0.45390625 0.47578125 0.45390625 0.4984375 0.44375 0.4984375
2 0.31484375 0.44296875 0.32109375 0.44296875 0.32109375 0.4703125 0.31484375 0.4703125
2 0.4640625 0.43203125 0.48203125 0.43203125 0.48203125 0.45234375 0.4640625 0.45234375
2 0.5125 0.58046875 0.525 0.58046875 0.525 0.5921875 0.5125 0.5921875
2 0.53125 0.56640625 0.53984375 0.56640625 0.53984375 0.578125 0.53125 0.578125
2 0.58125 0.5375 0.5984375 0.5375 0.5984375 0.55234375 0.58125 0.55234375
2 0.58125 0.521875 0.59296875 0.521875 0.59296875 0.53671875 0.58125 0.53671875
2 0.6171875 0.58828125 0.62421875 0.58828125 0.62421875 0.60234375 0.6171875 0.60234375
2 0.63125 0.7109375 0.6421875 0.7109375 0.6421875 0.7234375 0.63125 0.7234375
2 0.58125 0.65625 0.58984375 0.6578125 0.58046875 0.69921875 0.571875 0.69765625
2 0.52890625 0.725 0.53671875 0.725 0.53671875 0.7421875 0.52890625 0.7421875
2 0.490625 0.27109375 0.50546875 0.27109375 0.50546875 0.3078125 0.490625 0.3078125
2 0.371875 0.628125 0.3828125 0.628125 0.3828125 0.665625 0.371875 0.665625
2 0.5203125 0.8109375 0.5296875 0.80234375 0.54609375 0.8203125 0.53671875 0.82890625
2 0.43125 0.8234375 0.4421875 0.81953125 0.45078125 0.84296875 0.43984375 0.846875
2 0.484375 0.82890625 0.4921875 0.82890625 0.4921875 0.85234375 0.484375 0.85234375
2 0.440625 0.76640625 0.45 0.76015625 0.4671875 0.78828125 0.4578125 0.79453125
2 0.5078125 0.87578125 0.5 0.88046875 0.48828125 0.8625 0.49609375 0.8578125
2 0.52578125 0.915625 0.5390625 0.915625 0.5390625 0.93125 0.52578125 0.93125
2 0.66171875 0.896875 0.675 0.896875 0.675 0.91796875 0.66171875 0.91796875
2 0.603125 0.92265625 0.628125 0.92265625 0.628125 0.953125 0.603125 0.953125
2 0.70625 0.91796875 0.7171875 0.91796875 0.7171875 0.93984375 0.70625 0.93984375
2 0.4625 0.59921875 0.46875 0.59921875 0.46875 0.6109375 0.4625 0.6109375
2 0.46328125 0.653125 0.47421875 0.653125 0.47421875 0.6625 0.46328125 0.6625
2 0.5140625 0.65546875 0.53203125 0.65546875 0.53203125 0.66640625 0.5140625 0.66640625
2 0.4328125 0.68046875 0.440625 0.68046875 0.440625 0.703125 0.4328125 0.703125
2 0.4796875 0.36328125 0.48984375 0.36328125 0.48984375 0.38359375 0.4796875 0.38359375
2 0.57578125 0.49453125 0.58515625 0.49453125 0.58515625 0.51640625 0.57578125 0.51640625
2 0.5734375 0.81171875 0.58046875 0.81171875 0.58046875 0.82578125 0.5734375 0.82578125
2 0.53515625 0.87578125 0.5453125 0.8703125 0.55546875 0.88984375 0.54453125 0.8953125
2 0.37734375 0.51328125 0.38515625 0.51328125 0.38515625 0.53671875 0.37734375 0.53671875
3 0.79453125 0.62734375 0.8109375 0.62734375 0.8109375 0.64609375 0.79453125 0.64609375
3 0.3390625 0.640625 0.34765625 0.640625 0.34765625 0.6546875 0.3390625 0.6546875
