0 0.0125 0.3234375 0.015625 0.321875 0.02265625 0.33671875 0.0203125 0.3375
0 0.1359375 0.3875 0.14609375 0.3875 0.14609375 0.396875 0.1359375 0.396875
0 0.1171875 0.47109375 0.12265625 0.46796875 0.13046875 0.48203125 0.125 0.48515625
0 0.15 0.45 0.1546875 0.45 0.1546875 0.4609375 0.15 0.4609375
0 0.159375 0.4265625 0.165625 0.4265625 0.165625 0.43203125 0.159375 0.43203125
0 0.21484375 0.40390625 0.21953125 0.40234375 0.221875 0.4125 0.2171875 0.41328125
0 0.22578125 0.41328125 0.23359375 0.41953125 0.23125 0.42265625 0.2234375 0.415625
0 0.2765625 0.4125 0.290625 0.42265625 0.28828125 0.425 0.27421875 0.41484375
0 0.1390625 0.51484375 0.14296875 0.51171875 0.1546875 0.52421875 0.15078125 0.52734375
0 0.2578125 0.48125 0.2703125 0.48125 0.2703125 0.4875 0.2578125 0.4875
0 0.03671875 0.5921875 0.053125 0.603125 0.05078125 0.60703125 0.03359375 0.596875
0 0.046875 0.6078125 0.0671875 0.6078125 0.0671875 0.6140625 0.046875 0.6140625
0 0.078125 0.6171875 0.08671875 0.6171875 0.08671875 0.63203125 0.078125 0.63203125
0 0.06484375 0.60078125 0.0859375 0.6109375 0.08359375 0.61484375 0.0625 0.6046875
0 0.03671875 0.62421875 0.05078125 0.62421875 0.05078125 0.62890625 0.03671875 0.62890625
0 0.2046875 0.63515625 0.24375 0.646875 0.24140625 0.65546875 0.2015625 0.64375
0 0.2046875 0.6859375 0.22734375 0.6859375 0.22734375 0.69296875 0.2046875 0.69296875
0 0.30546875 0.70234375 0.31875 0.709375 0.31640625 0.71484375 0.30234375 0.70703125
0 0.43984375 0.65859375 0.47109375 0.65234375 0.47265625 0.66015625 0.44140625 0.66640625
0 0.45 0.53359375 0.47734375 0.53359375 0.47734375 0.5421875 0.45 0.5421875
0 0.48828125 0.49921875 0.49765625 0.49921875 0.49765625 0.50859375 0.48828125 0.50859375
0 0.575 0.528125 0.584375 0.528125 0.584375 0.534375 0.575 0.534375
0 0.546875 0.571875 0.55390625 0.571875 0.55390625 0.5828125 0.546875 0.5828125
0 0.52578125 0.74375 0.55546875 0.7515625 0.55234375 0.7609375 0.5234375 0.753125
0 0.634375 0.78046875 0.65859375 0.78984375 0.65546875 0.7984375 0.63125 0.7890625
0 0.66484375 0.77890625 0.6796875 0.77890625 0.6796875 0.7875 0.66484375 0.7875
0 0.696875 0.8484375 0.73046875 0.859375 0.728125 0.8671875 0.69453125 0.85703125
0 0.95859375 0.91875 0.98671875 0.92421875 0.98515625 0.93125 0.95703125 0.925
0 0.859375 0.76484375 0.8796875 0.75546875 0.88515625 0.7671875 0.86484375 0.7765625
0 0.9375 0.71875 0.9578125 0.73046875 0.9546875 0.73515625 0.934375 0.72421875
0 0.98046875 0.740625 0.99609375 0.7609375 0.990625 0.76484375 0.975 0.74453125
0 0.95390625 0.66953125 0.97265625 0.66953125 0.97265625 0.678125 0.95390625 0.678125
0 0.853125 0.675 0.865625 0.68671875 0.86171875 0.690625 0.85 0.67890625
0 0.8578125 0.640625 0.884375 0.65546875 0.88125 0.6609375 0.8546875 0.64609375
0 0.821875 0.5984375 0.83984375 0.61015625 0.8359375 0.61640625 0.81796875 0.60390625
0 0.66875 0.5984375 0.6875 0.61015625 0.684375 0.6140625 0.66640625 0.603125
0 0.628125 0.61171875 0.64375 0.61171875 0.64375 0.61875 0.628125 0.61875
0 0.66796875 0.6421875 0.68203125 0.6421875 0.68203125 0.653125 0.66796875 0.653125
0 0.51953125 0.66015625 0.53203125 0.66484375 0.53046875 0.66875 0.51796875 0.66484375
3 0.73671875 0.18828125 0.74453125 0.18828125 0.74453125 0.1953125 0.73671875 0.1953125
3 0.31640625 0.50546875 0.32109375 0.50546875 0.32109375 0.51171875 0.31640625 0.51171875
3 0.28984375 0.490625 0.29375 0.490625 0.29375 0.4953125 0.28984375 0.4953125
3 0.3078125 0.471875 0.3109375 0.471875 0.3109375 0.47734375 0.3078125 0.47734375
3 0.3140625 0.471875 0.31796875 0.471875 0.31796875 0.47890625 0.3140625 0.47890625
3 0.5265625 0.64453125 0.5296875 0.64609375 0.52421875 0.653125 0.52109375 0.6515625
3 0.6953125 0.759375 0.70390625 0.759375 0.70390625 0.7671875 0.6953125 0.7671875
3 0.70859375 0.76328125 0.71953125 0.76328125 0.71953125 0.771875 0.70859375 0.771875
