2 0.75078125 0.63828125 0.76640625 0.64609375 0.75078125 0.6765625 0.73515625 0.66875
2 0.83359375 0.2109375 0.846875 0.2109375 0.846875 0.24375 0.83359375 0.24375
2 0.84140625 0.128125 0.8546875 0.128125 0.8546875 0.13671875 0.84140625 0.13671875
2 0.8734375 0.0 0.88125 0.0 0.88125 0.01328125 0.8734375 0.01328125
2 0.8046875 0.06015625 0.815625 0.06015625 0.815625 0.09609375 0.8046875 0.09609375
2 0.92109375 0.03359375 0.93203125 0.0359375 0.9234375 0.0765625 0.91328125 0.07421875
2 0.8390625 0.0 0.84609375 0.0015625 0.84140625 0.01875 0.83359375 0.0171875
2 0.6828125 0.2484375 0.69375 0.2484375 0.69375 0.259375 0.6828125 0.259375
2 0.94921875 0.29765625 0.95703125 0.29765625 0.95703125 0.31875 0.94921875 0.31875
2 0.80546875 0.37578125 0.81953125 0.38203125 0.7984375 0.42890625 0.78515625 0.4234375
2 0.8296875 0.43046875 0.840625 0.43046875 0.840625 0.446875 0.8296875 0.446875
2 0.6515625 0.50859375 0.6578125 0.50859375 0.6578125 0.5265625 0.6515625 0.5265625
2 0.7484375 0.49765625 0.76328125 0.49765625 0.76328125 0.51171875 0.7484375 0.51171875
2 0.73828125 0.4921875 0.74609375 0.49453125 0.73984375 0.515625 0.73125 0.51328125
2 0.8640625 0.6421875 0.88046875 0.62734375 0.89609375 0.64375 0.8796875 0.65859375
2 0.85703125 0.6578125 0.86953125 0.6578125 0.86953125 0.6671875 0.85703125 0.6671875
2 0.85 0.68203125 0.85625 0.68671875 0.84296875 0.70546875 0.83671875 0.70078125
2 0.73359375 0.67734375 0.74609375 0.68046875 0.74140625 0.70234375 0.728125 0.7
2 0.7375 0.7046875 0.7609375 0.6875 0.7671875 0.69609375 0.74375 0.71328125
2 0.81953125 0.321875 0.82734375 0.321875 0.82734375 0.334375 0.81953125 0.334375
2 0.8484375 0.31875 0.8546875 0.31953125 0.85234375 0.3328125 0.846875 0.33203125
2 0.92109375 0.31796875 0.93125 0.31796875 0.93125 0.35234375 0.92109375 0.35234375
2 0.87421875 0.2859375 0.8875 0.2796875 0.8890625 0.2828125 0.87578125 0.2890625
2 0.6765625 0.2765625 0.6875 0.28203125 0.684375 0.28828125 0.6734375 0.2828125
2 0.68125 0.271875 0.68828125 0.271875 0.68828125 0.278125 0.68125 0.278125
2 0.6484375 0.42421875 0.65546875 0.428125 0.64296875 0.45234375 0.6359375 0.4484375
2 0.665625 0.4 0.67734375 0.4 0.67734375 0.4140625 0.665625 0.4140625
2 0.68984375 0.471875 0.69609375 0.471875 0.69609375 0.48125 0.68984375 0.48125
2 0.7609375 0.39453125 0.7671875 0.39609375 0.759375 0.4203125 0.753125 0.41875
2 0.6515625 0.38515625 0.665625 0.39140625 0.66328125 0.396875 0.64921875 0.390625
2 0.65625 0.378125 0.66796875 0.384375 0.665625 0.38984375 0.65390625 0.38359375
2 0.79453125 0.5296875 0.80078125 0.5296875 0.80078125 0.54921875 0.79453125 0.54921875
2 0.81796875 0.5234375 0.82578125 0.50859375 0.8359375 0.5140625 0.828125 0.5296875
2 0.81953125 0.4546875 0.82578125 0.4546875 0.82578125 0.47109375 0.81953125 0.47109375
2 0.81328125 0.46640625 0.81796875 0.46796875 0.8140625 0.48203125 0.809375 0.48046875
2 0.9546875 0.05234375 0.9640625 0.05234375 0.9640625 0.07109375 0.9546875 0.07109375
2 0.91640625 0.0140625 0.928125 0.00546875 0.93515625 0.015625 0.9234375 0.0234375
2 0.909375 0.425 0.915625 0.4203125 0.92578125 0.43515625 0.91875 0.43984375
2 0.603125 0.83203125 0.609375 0.83203125 0.609375 0.8453125 0.603125 0.8453125
2 0.60078125 0.85390625 0.61328125 0.85390625 0.61328125 0.8703125 0.60078125 0.8703125
2 0.62109375 0.83671875 0.628125 0.840625 0.62109375 0.85390625 0.6140625 0.85
2 0.65 0.82109375 0.65390625 0.8234375 0.64765625 0.8375 0.64375 0.8359375
2 0.61875 0.88515625 0.63125 0.88515625 0.63125 0.90078125 0.61875 0.90078125
2 0.9484375 0.71484375 0.96171875 0.71875 0.95 0.753125 0.93671875 0.7484375
2 0.71484375 0.7046875 0.7296875 0.709375 0.72265625 0.73125 0.70703125 0.72578125
2 0.690625 0.73203125 0.696875 0.73203125 0.696875 0.74453125 0.690625 0.74453125
2 0.684375 0.734375 0.690625 0.734375 0.690625 0.74375 0.684375 0.74375
2 0.67109375 0.7375 0.6828125 0.7375 0.6828125 0.753125 0.67109375 0.753125
2 0.6921875 0.753125 0.6765625 0.76484375 0.671875 0.7578125 0.68671875 0.746875
2 0.6734375 0.7703125 0.68125 0.7703125 0.68125 0.79296875 0.6734375 0.79296875
2 0.71171875 0.74453125 0.69609375 0.759375 0.6921875 0.75546875 0.7078125 0.73984375
2 0.6890625 0.76640625 0.7015625 0.76640625 0.7015625 0.7921875 0.6890625 0.7921875
2 0.65234375 0.946875 0.66015625 0.946875 0.66015625 0.9671875 0.65234375 0.9671875
2 0.6359375 0.7109375 0.64765625 0.7171875 0.6203125 0.76953125 0.60859375 0.76328125
2 0.6546875 0.78515625 0.66015625 0.78984375 0.646875 0.80546875 0.64140625 0.80078125
2 0.58203125 0.82109375 0.59375 0.82109375 0.59375 0.85 0.58203125 0.85
2 0.8265625 0.85078125 0.8375 0.85703125 0.81015625 0.90078125 0.79921875 0.89453125
2 0.80703125 0.9265625 0.7984375 0.92109375 0.81796875 0.8921875 0.8265625 0.8984375
2 0.84296875 0.91171875 0.84921875 0.91484375 0.8296875 0.95546875 0.8234375 0.95234375
2 0.55078125 0.94765625 0.559375 0.9515625 0.55 0.971875 0.54140625 0.96796875
