1 0.96796875 0.8625 0.984375 0.85625 0.9859375 0.8625 0.96953125 0.86796875
1 0.9421875 0.86328125 0.965625 0.85625 0.96796875 0.86171875 0.94375 0.86953125
1 0.96796875 0.85546875 0.98984375 0.8484375 0.99140625 0.853125 0.96953125 0.86015625
1 0.91484375 0.91015625 0.9375 0.89921875 0.94140625 0.90703125 0.91875 0.91796875
1 0.91484375 0.890625 0.9296875 0.88359375 0.93359375 0.89140625 0.91875 0.8984375
1 0.8671875 0.90625 0.89375 0.89765625 0.8984375 0.9109375 0.871875 0.9203125
1 0.87578125 0.8859375 0.88984375 0.8859375 0.88984375 0.89609375 0.87578125 0.89609375
1 0.85859375 0.8921875 0.86796875 0.8921875 0.86796875 0.9 0.85859375 0.9
1 0.225 0.92109375 0.23671875 0.91640625 0.24375 0.934375 0.23125 0.9390625
1 0.2453125 0.9625 0.25546875 0.9578125 0.2640625 0.97734375 0.25390625 0.98203125
1 0.28046875 0.95546875 0.2953125 0.9578125 0.29140625 0.975 0.27734375 0.971875
3 0.12421875 0.29765625 0.12890625 0.29765625 0.12890625 0.3015625 0.12421875 0.3015625
3 0.68984375 0.41796875 0.69453125 0.41796875 0.69453125 0.42265625 0.68984375 0.42265625
3 0.94765625 0.19375 0.953125 0.19375 0.953125 0.19921875 0.94765625 0.19921875
1 0.934375 0.86796875 0.94921875 0.86796875 0.94921875 0.87421875 0.934375 0.87421875
1 0.21875 0.946875 0.2265625 0.94921875 0.21796875 0.97734375 0.2109375 0.975
1 0.33203125 0.8515625 0.33828125 0.8546875 0.33203125 0.86875 0.32578125 0.86640625
1 0.25859375 0.8453125 0.26796875 0.8421875 0.2796875 0.875 0.2703125 0.87890625
1 0.975 0.84296875 0.97734375 0.85078125 0.94296875 0.86171875 0.940625 0.85390625
3 0.43671875 0.9734375 0.4421875 0.9734375 0.4421875 0.97734375 0.43671875 0.97734375
1 0.85234375 0.87265625 0.8640625 0.87109375 0.86484375 0.87890625 0.853125 0.88046875
1 0.865625 0.86953125 0.8734375 0.86953125 0.8734375 0.87890625 0.865625 0.87890625
1 0.8828125 0.875 0.90234375 0.8828125 0.9 0.88828125 0.88046875 0.8796875
