0 0.9546875 0.9875 0.96171875 0.990625 0.95703125 1.00078125 0.95 0.99765625
0 0.91328125 0.98125 0.921875 0.98671875 0.9125 1.0 0.90390625 0.99453125
0 0.7578125 0.7875 0.76015625 0.78515625 0.7671875 0.79296875 0.76484375 0.79453125
0 0.74609375 0.790625 0.7546875 0.79609375 0.753125 0.7984375 0.74453125 0.79296875
3 0.75625 0.72734375 0.76328125 0.72734375 0.76328125 0.73125 0.75625 0.73125
3 0.7640625 0.71953125 0.76796875 0.71953125 0.76796875 0.72265625 0.7640625 0.72265625
3 0.52421875 0.884375 0.528125 0.884375 0.528125 0.8890625 0.52421875 0.8890625
3 0.28359375 0.825 0.28671875 0.825 0.28671875 0.82890625 0.28359375 0.82890625
0 0.3140625 0.8046875 0.33203125 0.8046875 0.33203125 0.81953125 0.3140625 0.81953125
0 0.77734375 0.78515625 0.78515625 0.78515625 0.78515625 0.79375 0.77734375 0.79375
0 0.3875 0.98046875 0.390625 0.97734375 0.39765625 0.98515625 0.39453125 0.98828125
0 0.39453125 0.9703125 0.40078125 0.9703125 0.40078125 0.98203125 0.39453125 0.98203125
0 0.4171875 0.9640625 0.43828125 0.9640625 0.43828125 0.97265625 0.4171875 0.97265625
0 0.68671875 0.984375 0.70078125 0.984375 0.70078125 0.99296875 0.68671875 0.99296875
0 0.37578125 0.928125 0.38203125 0.928125 0.38203125 0.9359375 0.37578125 0.9359375
0 0.48046875 0.8328125 0.4890625 0.8328125 0.4890625 0.84140625 0.48046875 0.84140625
0 0.553125 0.878125 0.5796875 0.878125 0.5796875 0.8890625 0.553125 0.8890625
0 0.60234375 0.81015625 0.61484375 0.8140625 0.61171875 0.82109375 0.6 0.81640625
0 0.7359375 0.878125 0.75859375 0.878125 0.75859375 0.8921875 0.7359375 0.8921875
0 0.77421875 0.80390625 0.784375 0.81015625 0.78203125 0.81484375 0.77109375 0.80859375
0 0.66796875 0.765625 0.6921875 0.75859375 0.69375 0.7640625 0.66953125 0.77109375
0 0.74296875 0.74609375 0.7546875 0.73671875 0.7578125 0.74140625 0.74609375 0.75
0 0.77578125 0.72890625 0.7890625 0.72890625 0.7890625 0.7375 0.77578125 0.7375
0 0.79296875 0.73515625 0.84296875 0.7234375 0.84453125 0.728125 0.79453125 0.740625
