3 0.8984375 0.1234375 0.90625 0.1234375 0.90625 0.1296875 0.8984375 0.1296875
3 0.3234375 0.0984375 0.33359375 0.0984375 0.33359375 0.11171875 0.3234375 0.11171875
3 0.6890625 0.04296875 0.7 0.04296875 0.7 0.05625 0.6890625 0.05625
3 0.6984375 0.0578125 0.71015625 0.0578125 0.71015625 0.07265625 0.6984375 0.07265625
3 0.01015625 0.5453125 0.025 0.5453125 0.025 0.56171875 0.01015625 0.56171875
3 0.16796875 0.35 0.1734375 0.35 0.1734375 0.35625 0.16796875 0.35625
3 0.15390625 0.18125 0.1609375 0.18125 0.1609375 0.18828125 0.15390625 0.18828125
3 0.8671875 0.39375 0.88125 0.39375 0.88125 0.40625 0.8671875 0.40625
3 0.865625 0.8890625 0.871875 0.8890625 0.871875 0.89921875 0.865625 0.89921875
3 0.98203125 0.690625 0.98828125 0.690625 0.98828125 0.69765625 0.98203125 0.69765625
3 0.8859375 0.12265625 0.88984375 0.12265625 0.88984375 0.12890625 0.8859375 0.12890625
