0 0.7109375 0.0015625 0.72578125 0.0015625 0.72578125 0.0109375 0.7109375 0.0109375
0 0.15 0.125 0.15625 0.12734375 0.15078125 0.1421875 0.14453125 0.1390625
3 0.40703125 0.47890625 0.4109375 0.47890625 0.4109375 0.4828125 0.40703125 0.4828125
3 0.29609375 0.50859375 0.3015625 0.50859375 0.3015625 0.51328125 0.29609375 0.51328125
3 0.3765625 0.32265625 0.38203125 0.32265625 0.38203125 0.328125 0.3765625 0.328125
3 0.60078125 0.0984375 0.60390625 0.0984375 0.60390625 0.103125 0.60078125 0.103125
3 0.74375 0.2578125 0.74921875 0.2578125 0.74921875 0.2625 0.74375 0.2625
3 0.74765625 0.31796875 0.753125 0.31796875 0.753125 0.321875 0.74765625 0.321875
3 0.13828125 0.8515625 0.14453125 0.8515625 0.14453125 0.859375 0.13828125 0.859375
0 0.58671875 0.28125 0.60078125 0.28125 0.60078125 0.28828125 0.58671875 0.28828125
0 0.6390625 0.25625 0.6671875 0.24140625 0.6703125 0.24765625 0.64140625 0.26171875
0 0.71015625 0.22109375 0.7390625 0.2015625 0.74453125 0.20859375 0.715625 0.22890625
0 0.709375 0.1828125 0.73984375 0.16875 0.74375 0.17734375 0.71328125 0.190625
0 0.63046875 0.18984375 0.659375 0.171875 0.66640625 0.18359375 0.6375 0.2015625
0 0.6859375 0.13515625 0.6953125 0.13515625 0.6953125 0.146875 0.6859375 0.146875
0 0.81171875 0.21640625 0.8296875 0.21640625 0.8296875 0.225 0.81171875 0.225
0 0.76640625 0.034375 0.7953125 0.02265625 0.79921875 0.03203125 0.7703125 0.04375
0 0.72109375 0.04609375 0.746875 0.03125 0.7515625 0.0390625 0.72578125 0.05390625
0 0.640625 0.07578125 0.68125 0.040625 0.690625 0.0515625 0.65 0.0859375
0 0.69140625 0.01953125 0.7109375 0.01953125 0.7109375 0.04296875 0.69140625 0.04296875
0 0.7375 0.0 0.74609375 0.00234375 0.73984375 0.0203125 0.73125 0.0171875
0 0.4171875 0.05625 0.4265625 0.0578125 0.42265625 0.0796875 0.41328125 0.078125
0 0.4 0.0390625 0.428125 0.0390625 0.428125 0.06171875 0.4 0.06171875
0 0.25 0.0390625 0.26953125 0.0328125 0.27421875 0.04453125 0.25390625 0.0515625
0 0.165625 0.04609375 0.17890625 0.04609375 0.17890625 0.05625 0.165625 0.05625
0 0.97265625 0.01328125 0.984375 0.0046875 0.98828125 0.01015625 0.9765625 0.01875
0 0.1265625 0.5375 0.16328125 0.521875 0.16875 0.534375 0.13203125 0.55
0 0.059375 0.4421875 0.08125 0.43125 0.08515625 0.43984375 0.06328125 0.45
0 0.00234375 0.43046875 0.03359375 0.4203125 0.03671875 0.42890625 0.0046875 0.43984375
0 0.228125 0.5046875 0.26796875 0.49140625 0.27109375 0.50234375 0.23125 0.51484375
0 0.33359375 0.45859375 0.36796875 0.44140625 0.37265625 0.4515625 0.3390625 0.46875
0 0.325 0.26796875 0.35625 0.2515625 0.36328125 0.2640625 0.33203125 0.28046875
0 0.3875 0.36328125 0.41328125 0.34375 0.4203125 0.353125 0.3953125 0.3734375
0 0.57109375 0.315625 0.59609375 0.29375 0.60390625 0.303125 0.57890625 0.32421875
