1 0.00234375 0.75859375 0.0234375 0.74765625 0.02578125 0.753125 0.0046875 0.7640625
1 0.00078125 0.73046875 0.00859375 0.73046875 0.00859375 0.74296875 0.00078125 0.74296875
1 0.11171875 0.8171875 0.128125 0.796875 0.13125 0.79921875 0.11484375 0.81953125
1 0.13203125 0.79921875 0.15078125 0.7796875 0.1546875 0.7828125 0.13515625 0.80234375
1 0.1453125 0.790625 0.16796875 0.76953125 0.171875 0.77421875 0.14921875 0.79453125
1 0.165625 0.77578125 0.17734375 0.76171875 0.18203125 0.765625 0.1703125 0.7796875
1 0.16953125 0.7796875 0.18515625 0.7609375 0.1921875 0.76640625 0.17734375 0.7859375
1 0.15078125 0.80546875 0.18125 0.78515625 0.18515625 0.790625 0.1546875 0.81015625
1 0.25 0.728125 0.26796875 0.70234375 0.275 0.70703125 0.25703125 0.7328125
1 0.2984375 0.66328125 0.3046875 0.66328125 0.3046875 0.678125 0.2984375 0.678125
1 0.3375 0.64609375 0.35 0.64609375 0.35 0.6515625 0.3375 0.6515625
1 0.28671875 0.5953125 0.3 0.5953125 0.3 0.60234375 0.28671875 0.60234375
1 0.35234375 0.65 0.37421875 0.65 0.37421875 0.66171875 0.35234375 0.66171875
1 0.37734375 0.64609375 0.403125 0.64609375 0.403125 0.659375 0.37734375 0.659375
1 0.46015625 0.671875 0.49375 0.671875 0.49375 0.68515625 0.46015625 0.68515625
1 0.50078125 0.67109375 0.5640625 0.66328125 0.56484375 0.6703125 0.5015625 0.67890625
1 0.6 0.65546875 0.63203125 0.6453125 0.63359375 0.65078125 0.6015625 0.66015625
1 0.6734375 0.64140625 0.69453125 0.63515625 0.69609375 0.6390625 0.675 0.6453125
1 0.75703125 0.59375 0.78125 0.58046875 0.784375 0.58515625 0.759375 0.5984375
1 0.82421875 0.57890625 0.86640625 0.565625 0.86796875 0.57109375 0.82578125 0.58515625
1 0.0828125 0.83671875 0.0984375 0.825 0.10234375 0.83125 0.08671875 0.84296875
1 0.0796875 0.78515625 0.09296875 0.775 0.096875 0.78046875 0.084375 0.790625
1 0.08828125 0.68125 0.0953125 0.68125 0.0953125 0.69609375 0.08828125 0.69609375
1 0.05390625 0.65234375 0.06796875 0.64140625 0.07265625 0.646875 0.0578125 0.65859375
1 0.01015625 0.66953125 0.028125 0.6484375 0.03359375 0.65234375 0.01484375 0.6734375
1 0.03828125 0.62109375 0.05078125 0.609375 0.0546875 0.6140625 0.04296875 0.62578125
1 0.0703125 0.5859375 0.08125 0.578125 0.084375 0.5828125 0.0734375 0.590625
1 0.10390625 0.59296875 0.1125 0.58125 0.11796875 0.58515625 0.109375 0.59765625
1 0.14140625 0.5515625 0.1671875 0.5515625 0.1671875 0.5625 0.14140625 0.5625
1 0.17578125 0.5765625 0.18984375 0.5765625 0.18984375 0.58671875 0.17578125 0.58671875
1 0.121875 0.55859375 0.134375 0.5421875 0.14140625 0.54765625 0.12890625 0.56328125
1 0.0625 0.54765625 0.08359375 0.5375 0.08671875 0.54375 0.06484375 0.55390625
1 0.259375 0.53984375 0.27734375 0.5328125 0.2796875 0.53984375 0.26171875 0.546875
1 0.4125 0.525 0.428125 0.525 0.428125 0.53203125 0.4125 0.53203125
1 0.41015625 0.634375 0.43046875 0.621875 0.43515625 0.62890625 0.41484375 0.64140625
1 0.4171875 0.57890625 0.42421875 0.57890625 0.42421875 0.5875 0.4171875 0.5875
1 0.43125 0.59609375 0.45078125 0.58125 0.45546875 0.5875 0.4359375 0.6015625
1 0.5390625 0.52734375 0.55234375 0.52734375 0.55234375 0.53515625 0.5390625 0.53515625
1 0.3296875 0.53984375 0.34296875 0.53984375 0.34296875 0.54921875 0.3296875 0.54921875
1 0.3453125 0.46640625 0.35859375 0.45546875 0.36328125 0.46171875 0.35 0.471875
1 0.30546875 0.44296875 0.3453125 0.434375 0.346875 0.440625 0.30703125 0.45
1 0.34609375 0.42890625 0.35703125 0.4140625 0.3625 0.4171875 0.3515625 0.4328125
1 0.5015625 0.41484375 0.51015625 0.41484375 0.51015625 0.42109375 0.5015625 0.42109375
1 0.55234375 0.4125 0.57265625 0.4125 0.57265625 0.41953125 0.55234375 0.41953125
1 0.62109375 0.39609375 0.665625 0.3828125 0.66796875 0.390625 0.6234375 0.403125
1 0.69609375 0.45234375 0.71015625 0.45234375 0.71015625 0.459375 0.69609375 0.459375
1 0.7546875 0.4515625 0.76640625 0.4515625 0.76640625 0.45859375 0.7546875 0.45859375
1 0.8609375 0.4375 0.8796875 0.4375 0.8796875 0.4453125 0.8609375 0.4453125
1 0.8765625 0.44296875 0.89609375 0.44296875 0.89609375 0.45078125 0.8765625 0.45078125
1 0.9828125 0.465625 0.99453125 0.45234375 0.99921875 0.45703125 0.98828125 0.4703125
1 0.94609375 0.52265625 0.99296875 0.503125 0.99609375 0.51171875 0.95 0.53203125
1 0.9109375 0.53515625 0.928125 0.53515625 0.928125 0.54296875 0.9109375 0.54296875
1 0.9078125 0.5046875 0.91953125 0.5046875 0.91953125 0.51015625 0.9078125 0.51015625
1 0.7140625 0.58984375 0.7359375 0.578125 0.73828125 0.58359375 0.7171875 0.5953125
1 0.60078125 0.61640625 0.63125 0.6078125 0.63359375 0.61484375 0.603125 0.62421875
1 0.6984375 0.54921875 0.715625 0.540625 0.71875 0.54609375 0.7015625 0.55546875
1 0.8125 0.35859375 0.8265625 0.35859375 0.8265625 0.365625 0.8125 0.365625
1 0.834375 0.34921875 0.90078125 0.3328125 0.903125 0.34296875 0.83671875 0.35859375
1 0.78359375 0.3328125 0.82265625 0.32421875 0.82421875 0.33125 0.78515625 0.33984375
1 0.73828125 0.35078125 0.7703125 0.34140625 0.771875 0.3484375 0.740625 0.35703125
1 0.69765625 0.36640625 0.7296875 0.35625 0.73125 0.3640625 0.69921875 0.3734375
3 0.84375 0.29609375 0.85 0.29609375 0.85 0.30078125 0.84375 0.30078125
3 0.84296875 0.27890625 0.85234375 0.27890625 0.85234375 0.2859375 0.84296875 0.2859375
