0 0.1140625 0.20390625 0.13671875 0.20859375 0.13515625 0.215625 0.1125 0.2109375
3 0.08125 0.69921875 0.08671875 0.69921875 0.08671875 0.70390625 0.08125 0.70390625
3 0.3859375 0.640625 0.3890625 0.640625 0.3890625 0.6453125 0.3859375 0.6453125
3 0.98671875 0.76875 0.99140625 0.76875 0.99140625 0.775 0.98671875 0.775
3 0.99453125 0.24140625 1.0 0.24140625 1.0 0.24921875 0.99453125 0.24921875
3 0.3859375 0.0953125 0.3921875 0.0953125 0.3921875 0.1 0.3859375 0.1
3 0.3796875 0.10234375 0.38359375 0.10234375 0.38359375 0.10625 0.3796875 0.10625
0 0.215625 0.21640625 0.23671875 0.22421875 0.2328125 0.2359375 0.21171875 0.228125
0 0.2421875 0.259375 0.2625 0.259375 0.2625 0.2671875 0.2421875 0.2671875
0 0.30859375 0.2046875 0.3515625 0.178125 0.35859375 0.190625 0.31640625 0.2171875
0 0.46953125 0.05 0.484375 0.05 0.484375 0.06796875 0.46953125 0.06796875
0 0.4859375 0.02734375 0.49609375 0.03125 0.490625 0.04375 0.48125 0.03984375
