3 0.86328125 0.975 0.86875 0.975 0.86875 0.9796875 0.86328125 0.9796875
3 0.86484375 0.98125 0.87109375 0.98125 0.87109375 0.9859375 0.86484375 0.9859375
3 0.88125 0.975 0.8875 0.975 0.8875 0.98046875 0.88125 0.98046875
3 0.871875 0.36953125 0.884375 0.36953125 0.884375 0.37890625 0.871875 0.37890625
3 0.63828125 0.34921875 0.64765625 0.34921875 0.64765625 0.36015625 0.63828125 0.36015625
3 0.13515625 0.81796875 0.14453125 0.81796875 0.14453125 0.8265625 0.13515625 0.8265625
3 0.14375 0.8265625 0.14765625 0.8265625 0.14765625 0.83046875 0.14375 0.83046875
3 0.14921875 0.81953125 0.15234375 0.81953125 0.15234375 0.82265625 0.14921875 0.82265625
3 0.146875 0.8328125 0.1515625 0.8328125 0.1515625 0.83671875 0.146875 0.83671875
3 0.1484375 0.825 0.1546875 0.825 0.1546875 0.83046875 0.1484375 0.83046875
3 0.13359375 0.828125 0.140625 0.828125 0.140625 0.834375 0.13359375 0.834375
3 0.13046875 0.8234375 0.13515625 0.8234375 0.13515625 0.82734375 0.13046875 0.82734375
