2 0.38125 0.54453125 0.39921875 0.54453125 0.39921875 0.5875 0.38125 0.5875
2 0.3921875 0.60625 0.41015625 0.59296875 0.434375 0.62578125 0.41640625 0.6390625
2 0.43984375 0.684375 0.453125 0.684375 0.453125 0.70625 0.43984375 0.70625
2 0.7484375 0.94921875 0.8015625 0.94921875 0.8015625 0.9625 0.7484375 0.9625
2 0.09453125 0.4125 0.109375 0.4234375 0.08203125 0.45703125 0.06796875 0.44609375
2 0.55625 0.8890625 0.65859375 0.9328125 0.64765625 0.95859375 0.5453125 0.915625
2 0.18125 0.45703125 0.20625 0.4484375 0.2359375 0.53359375 0.21015625 0.5421875
2 0.30078125 0.62890625 0.31640625 0.61484375 0.35625 0.66015625 0.340625 0.67421875
2 0.325 0.8671875 0.33828125 0.8578125 0.3625 0.89296875 0.34921875 0.90234375
2 0.47265625 0.74921875 0.48125 0.740625 0.50703125 0.7640625 0.4984375 0.7734375
2 0.28515625 0.36875 0.33984375 0.33359375 0.3515625 0.35234375 0.29765625 0.3875
2 0.246875 0.7734375 0.26875 0.7734375 0.26875 0.8046875 0.246875 0.8046875
