2 0.37421875 0.93125 0.384375 0.93125 0.384375 0.9421875 0.37421875 0.9421875
2 0.0703125 0.5546875 0.08515625 0.5546875 0.08515625 0.56640625 0.0703125 0.56640625
2 0.025 0.61015625 0.03359375 0.61015625 0.03359375 0.61875 0.025 0.61875
2 0.04765625 0.6265625 0.05234375 0.621875 0.0703125 0.6421875 0.065625 0.64609375
2 0.0609375 0.653125 0.06640625 0.6453125 0.0796875 0.653125 0.075 0.66171875
2 0.096875 0.57734375 0.103125 0.56875 0.12578125 0.584375 0.11953125 0.59296875
2 0.12265625 0.58359375 0.14140625 0.58359375 0.14140625 0.6140625 0.12265625 0.6140625
2 0.16015625 0.634375 0.16875 0.634375 0.16875 0.646875 0.16015625 0.646875
2 0.16328125 0.625 0.16875 0.621875 0.178125 0.6359375 0.17265625 0.6390625
2 0.03046875 0.45703125 0.03515625 0.44921875 0.05625 0.4625 0.0515625 0.4703125
2 0.053125 0.471875 0.05703125 0.46875 0.06875 0.48515625 0.06484375 0.4875
2 0.0703125 0.4921875 0.075 0.48828125 0.090625 0.50390625 0.0859375 0.50859375
2 0.0984375 0.515625 0.09375 0.52109375 0.078125 0.5078125 0.0828125 0.50234375
2 0.09921875 0.5234375 0.1125 0.5234375 0.1125 0.5328125 0.09921875 0.5328125
2 0.11328125 0.5328125 0.1265625 0.5328125 0.1265625 0.55 0.11328125 0.55
2 0.1328125 0.55390625 0.14609375 0.55390625 0.14609375 0.56171875 0.1328125 0.56171875
2 0.1890625 0.59765625 0.2140625 0.6140625 0.2078125 0.62265625 0.1828125 0.60625
2 0.203125 0.6484375 0.215625 0.6484375 0.215625 0.659375 0.203125 0.659375
2 0.21328125 0.7109375 0.22265625 0.7109375 0.22265625 0.71875 0.21328125 0.71875
2 0.2390625 0.69375 0.253125 0.69765625 0.25 0.70703125 0.23671875 0.703125
2 0.096875 0.66484375 0.09375 0.67109375 0.07890625 0.6625 0.0828125 0.65546875
2 0.05703125 0.725 0.0625 0.721875 0.07265625 0.7390625 0.0671875 0.7421875
2 0.0234375 0.74296875 0.028125 0.7390625 0.04140625 0.75546875 0.03671875 0.759375
2 0.2421875 0.753125 0.2546875 0.753125 0.2546875 0.76875 0.2421875 0.76875
2 0.14921875 0.7546875 0.15625 0.75078125 0.1671875 0.771875 0.159375 0.77578125
2 0.1796875 0.78515625 0.1734375 0.78984375 0.1625 0.7765625 0.16796875 0.77109375
2 0.1703125 0.81875 0.17578125 0.81875 0.17578125 0.82734375 0.1703125 0.82734375
2 0.1421875 0.8125 0.14765625 0.80859375 0.159375 0.8265625 0.15390625 0.8296875
2 0.32109375 0.8234375 0.334375 0.8234375 0.334375 0.834375 0.32109375 0.834375
2 0.2875 0.70859375 0.29375 0.70390625 0.31328125 0.73203125 0.30703125 0.73671875
2 0.35078125 0.7765625 0.34296875 0.7828125 0.309375 0.74140625 0.3171875 0.73515625
2 0.209375 0.840625 0.221875 0.840625 0.221875 0.85390625 0.209375 0.85390625
2 0.309375 0.8765625 0.3140625 0.8734375 0.32109375 0.884375 0.31640625 0.8875
2 0.390625 0.8734375 0.403125 0.8734375 0.403125 0.89375 0.390625 0.89375
2 0.3640625 0.91796875 0.375 0.91796875 0.375 0.92890625 0.3640625 0.92890625
2 0.40859375 0.95546875 0.41796875 0.95546875 0.41796875 0.965625 0.40859375 0.965625
2 0.33515625 0.93359375 0.34453125 0.9296875 0.35390625 0.9484375 0.34453125 0.953125
2 0.4140625 0.94609375 0.421875 0.94140625 0.4359375 0.96328125 0.42890625 0.96796875
2 0.125 0.8890625 0.128125 0.88359375 0.14453125 0.89453125 0.14140625 0.89921875
2 0.15859375 0.87265625 0.1640625 0.8671875 0.17890625 0.88359375 0.1734375 0.8890625
2 0.21875 0.97109375 0.22265625 0.96796875 0.22890625 0.978125 0.22421875 0.98125
2 0.215625 0.95625 0.2203125 0.953125 0.2359375 0.97421875 0.23046875 0.97734375
2 0.36796875 0.90390625 0.375 0.89921875 0.3859375 0.915625 0.37890625 0.9203125
2 0.33125 0.915625 0.3375 0.915625 0.3375 0.9296875 0.33125 0.9296875
2 0.26796875 0.93203125 0.275 0.93203125 0.275 0.95546875 0.26796875 0.95546875
