1 0.02265625 0.81640625 0.05546875 0.81640625 0.05546875 0.84453125 0.02265625 0.84453125
1 0.04140625 0.78984375 0.0671875 0.78984375 0.0671875 0.81484375 0.04140625 0.81484375
1 0.1125 0.74140625 0.12734375 0.74921875 0.115625 0.77265625 0.10078125 0.765625
1 0.05546875 0.721875 0.07109375 0.721875 0.07109375 0.740625 0.05546875 0.740625
1 0.07578125 0.75 0.08984375 0.75 0.08984375 0.76328125 0.07578125 0.76328125
1 0.121875 0.73203125 0.13828125 0.73203125 0.13828125 0.74453125 0.121875 0.74453125
1 0.26328125 0.70703125 0.27109375 0.71171875 0.25859375 0.73046875 0.25078125 0.725
1 0.253125 0.6921875 0.2625 0.6984375 0.24921875 0.71953125 0.2390625 0.71328125
1 0.26640625 0.809375 0.30546875 0.80234375 0.309375 0.82109375 0.2703125 0.828125
1 0.15546875 0.8328125 0.22421875 0.80703125 0.23125 0.8265625 0.1625 0.85234375
1 0.240625 0.47734375 0.27421875 0.47734375 0.27421875 0.49921875 0.240625 0.49921875
1 0.0671875 0.51875 0.09375 0.515625 0.09609375 0.5296875 0.06953125 0.53359375
1 0.025 0.48203125 0.04453125 0.48203125 0.04453125 0.49140625 0.025 0.49140625
1 0.034375 0.465625 0.053125 0.45 0.06015625 0.459375 0.04140625 0.47421875
1 0.0578125 0.4453125 0.08828125 0.4453125 0.08828125 0.45546875 0.0578125 0.45546875
1 0.23203125 0.4078125 0.27890625 0.39296875 0.284375 0.41015625 0.2375 0.425
1 0.17890625 0.4109375 0.2046875 0.39921875 0.2109375 0.4140625 0.18515625 0.425
1 0.3671875 0.28515625 0.38046875 0.28515625 0.38046875 0.29453125 0.3671875 0.29453125
1 0.39140625 0.25078125 0.4015625 0.25703125 0.39140625 0.27265625 0.38125 0.265625
1 0.41953125 0.20390625 0.44375 0.20390625 0.44375 0.21953125 0.41953125 0.21953125
1 0.50625 0.403125 0.5140625 0.4140625 0.4890625 0.4328125 0.48046875 0.42109375
1 0.54296875 0.4296875 0.5578125 0.4296875 0.5578125 0.4515625 0.54296875 0.4515625
1 0.57421875 0.428125 0.5859375 0.43359375 0.5765625 0.45546875 0.56484375 0.45078125
1 0.64296875 0.43515625 0.6546875 0.43515625 0.6546875 0.4453125 0.64296875 0.4453125
1 0.7015625 0.4140625 0.7109375 0.4140625 0.7109375 0.43984375 0.7015625 0.43984375
1 0.68984375 0.4765625 0.70546875 0.4765625 0.70546875 0.5046875 0.68984375 0.5046875
1 0.696875 0.56015625 0.7109375 0.5671875 0.690625 0.60546875 0.6765625 0.5984375
1 0.35703125 0.7890625 0.38515625 0.78046875 0.3875 0.7890625 0.359375 0.79765625
1 0.353125 0.76015625 0.3703125 0.74609375 0.37421875 0.75078125 0.35625 0.76484375
1 0.4484375 0.71015625 0.4578125 0.71484375 0.45078125 0.7296875 0.44140625 0.72578125
1 0.43359375 0.75234375 0.44375 0.75234375 0.44375 0.7640625 0.43359375 0.7640625
1 0.628125 0.52109375 0.6453125 0.52109375 0.6453125 0.53828125 0.628125 0.53828125
1 0.6953125 0.53671875 0.715625 0.53671875 0.715625 0.55625 0.6953125 0.55625
1 0.73984375 0.5328125 0.75625 0.5453125 0.75 0.553125 0.73359375 0.53984375
1 0.8546875 0.55 0.8875 0.56171875 0.8796875 0.584375 0.84609375 0.57265625
1 0.94921875 0.465625 0.9625 0.465625 0.9625 0.49140625 0.94921875 0.49140625
1 0.96328125 0.45625 0.98046875 0.45625 0.98046875 0.48359375 0.96328125 0.48359375
1 0.90078125 0.51953125 0.91640625 0.52890625 0.9015625 0.553125 0.8859375 0.54296875
1 0.88984375 0.37890625 0.903125 0.37890625 0.903125 0.3921875 0.88984375 0.3921875
1 0.8953125 0.334375 0.91484375 0.334375 0.91484375 0.34765625 0.8953125 0.34765625
1 0.90546875 0.28515625 0.9265625 0.28515625 0.9265625 0.2984375 0.90546875 0.2984375
1 0.884375 0.20703125 0.9109375 0.1875 0.91640625 0.19453125 0.8890625 0.2140625
1 0.98515625 0.18671875 0.9984375 0.18671875 0.9984375 0.19765625 0.98515625 0.19765625
1 0.990625 0.3265625 1.0 0.3265625 1.0 0.3375 0.990625 0.3375
1 0.94765625 0.1640625 0.96640625 0.1453125 0.97421875 0.153125 0.9546875 0.171875
1 0.9671875 0.1359375 0.9765625 0.1359375 0.9765625 0.1453125 0.9671875 0.1453125
1 0.9234375 0.1125 0.95859375 0.1125 0.95859375 0.12578125 0.9234375 0.12578125
1 0.95546875 0.10625 0.97734375 0.10625 0.97734375 0.1171875 0.95546875 0.1171875
1 0.63984375 0.34140625 0.65 0.34140625 0.65 0.353125 0.63984375 0.353125
1 0.63671875 0.35234375 0.6453125 0.35234375 0.6453125 0.3625 0.63671875 0.3625
1 0.434375 0.39453125 0.44296875 0.39921875 0.43203125 0.41796875 0.4234375 0.41328125
1 0.62578125 0.31875 0.63671875 0.31875 0.63671875 0.32890625 0.62578125 0.32890625
1 0.62578125 0.27421875 0.65546875 0.2671875 0.66015625 0.284375 0.6296875 0.29140625
1 0.78359375 0.1875 0.79296875 0.19296875 0.78359375 0.20859375 0.77421875 0.203125
1 0.68046875 0.1953125 0.703125 0.190625 0.7046875 0.20234375 0.68203125 0.20625
1 0.640625 0.225 0.65546875 0.225 0.65546875 0.23828125 0.640625 0.23828125
1 0.60703125 0.22734375 0.62578125 0.22109375 0.6296875 0.23203125 0.6109375 0.23828125
1 0.63984375 0.2046875 0.66640625 0.19609375 0.671875 0.21171875 0.6453125 0.2203125
1 0.65234375 0.253125 0.68671875 0.2234375 0.69453125 0.2328125 0.66015625 0.2625
1 0.9015625 0.3984375 0.91640625 0.3984375 0.91640625 0.41171875 0.9015625 0.41171875
1 0.11640625 0.04375 0.1421875 0.0375 0.14375 0.04375 0.11796875 0.05
1 0.16328125 0.03203125 0.196875 0.02734375 0.1984375 0.03828125 0.1640625 0.04296875
1 0.0828125 0.03984375 0.12734375 0.028125 0.1296875 0.03671875 0.08515625 0.0484375
3 0.38984375 0.06171875 0.39375 0.06171875 0.39375 0.06640625 0.38984375 0.06640625
3 0.39296875 0.0578125 0.39765625 0.0578125 0.39765625 0.06171875 0.39296875 0.06171875
3 0.72578125 0.184375 0.73203125 0.184375 0.73203125 0.1890625 0.72578125 0.1890625
3 0.8828125 0.51796875 0.8875 0.51796875 0.8875 0.521875 0.8828125 0.521875
1 0.1546875 0.68828125 0.1640625 0.68828125 0.1640625 0.7 0.1546875 0.7
