1 0.475 0.5921875 0.4921875 0.58359375 0.49375 0.58828125 0.47734375 0.59609375
1 0.84921875 0.19765625 0.86328125 0.1859375 0.865625 0.1890625 0.8515625 0.20078125
1 0.334375 0.56484375 0.34453125 0.56484375 0.34453125 0.56953125 0.334375 0.56953125
1 0.28125 0.57265625 0.29140625 0.56640625 0.29453125 0.5703125 0.284375 0.5765625
3 0.11484375 0.440625 0.1265625 0.440625 0.1265625 0.45078125 0.11484375 0.45078125
3 0.03671875 0.790625 0.0421875 0.790625 0.0421875 0.79453125 0.03671875 0.79453125
3 0.784375 0.36640625 0.7984375 0.36640625 0.7984375 0.371875 0.784375 0.371875
3 0.65390625 0.53828125 0.66484375 0.53828125 0.66484375 0.54375 0.65390625 0.54375
3 0.38046875 0.63203125 0.38515625 0.63203125 0.38515625 0.63515625 0.38046875 0.63515625
3 0.03984375 0.55546875 0.04375 0.55546875 0.04375 0.55859375 0.03984375 0.55859375
3 0.0984375 0.5546875 0.103125 0.5546875 0.103125 0.55859375 0.0984375 0.55859375
3 0.1125 0.54765625 0.11796875 0.54765625 0.11796875 0.55234375 0.1125 0.55234375
3 0.17734375 0.58515625 0.18046875 0.58515625 0.18046875 0.5890625 0.17734375 0.5890625
1 0.90078125 0.365625 0.9265625 0.359375 0.928125 0.365625 0.90234375 0.371875
1 0.66640625 0.4625 0.68828125 0.453125 0.6921875 0.4609375 0.66953125 0.46953125
1 0.07578125 0.66796875 0.0921875 0.66015625 0.09453125 0.66484375 0.078125 0.67265625
1 0.021875 0.6671875 0.03984375 0.65703125 0.04296875 0.6625 0.02578125 0.67265625
1 0.040625 0.7015625 0.06796875 0.69296875 0.0703125 0.7 0.04296875 0.709375
1 0.028125 0.69296875 0.04375 0.68671875 0.046875 0.69296875 0.03046875 0.69921875
1 0.0046875 0.72265625 0.015625 0.71484375 0.01875 0.71953125 0.0078125 0.72734375
1 0.08515625 0.640625 0.09921875 0.640625 0.09921875 0.64609375 0.08515625 0.64609375
1 0.0 0.640625 0.02734375 0.628125 0.03046875 0.63515625 0.00234375 0.64765625
1 0.125 0.6078125 0.15625 0.5921875 0.159375 0.59921875 0.128125 0.6140625
1 0.128125 0.5625 0.15703125 0.5515625 0.159375 0.55859375 0.13125 0.5703125
1 0.17734375 0.68984375 0.20390625 0.675 0.20859375 0.68359375 0.18203125 0.69765625
1 0.20625 0.65 0.23046875 0.65 0.23046875 0.65859375 0.20625 0.65859375
1 0.0796875 0.796875 0.09765625 0.7859375 0.10234375 0.79296875 0.084375 0.80390625
1 0.1265625 0.7671875 0.1546875 0.75234375 0.1578125 0.759375 0.1296875 0.77421875
1 0.18046875 0.74296875 0.21953125 0.72578125 0.22265625 0.73203125 0.18359375 0.74921875
1 0.14609375 0.734375 0.16015625 0.72421875 0.165625 0.73125 0.1515625 0.7421875
1 0.1734375 0.7140625 0.18671875 0.7078125 0.1890625 0.71328125 0.17578125 0.71953125
1 0.27265625 0.7046875 0.309375 0.6890625 0.31171875 0.69453125 0.275 0.71015625
1 0.25546875 0.71640625 0.26953125 0.70703125 0.271875 0.71015625 0.2578125 0.71953125
1 0.34140625 0.66953125 0.3703125 0.6609375 0.37265625 0.66796875 0.34375 0.6765625
1 0.3578125 0.6578125 0.390625 0.65 0.39140625 0.65546875 0.359375 0.66328125
1 0.3359375 0.63984375 0.3703125 0.63515625 0.37109375 0.640625 0.33671875 0.6453125
1 0.30078125 0.640625 0.32890625 0.63046875 0.33125 0.6375 0.303125 0.6484375
1 0.25625 0.6046875 0.27265625 0.6046875 0.27265625 0.61015625 0.25625 0.61015625
1 0.29921875 0.59296875 0.3140625 0.58125 0.3171875 0.584375 0.3015625 0.59609375
1 0.21796875 0.54921875 0.25078125 0.53671875 0.25390625 0.54453125 0.22109375 0.55625
1 0.23515625 0.53125 0.2515625 0.53125 0.2515625 0.5375 0.23515625 0.5375
1 0.35078125 0.55234375 0.36328125 0.54609375 0.365625 0.55078125 0.353125 0.55703125
1 0.3265625 0.5484375 0.33359375 0.5484375 0.33359375 0.55234375 0.3265625 0.55234375
1 0.4234375 0.6171875 0.4421875 0.6078125 0.44453125 0.61328125 0.4265625 0.62265625
1 0.44921875 0.6015625 0.465625 0.59453125 0.46796875 0.59921875 0.4515625 0.60625
1 0.5390625 0.540625 0.54453125 0.540625 0.54453125 0.5484375 0.5390625 0.5484375
1 0.5828125 0.54453125 0.6140625 0.53984375 0.61484375 0.546875 0.58359375 0.5515625
1 0.66640625 0.51640625 0.70234375 0.496875 0.70625 0.503125 0.6703125 0.5234375
1 0.71875 0.484375 0.740625 0.47421875 0.7421875 0.47890625 0.72109375 0.4890625
1 0.63828125 0.48125 0.659375 0.471875 0.66171875 0.47734375 0.640625 0.48671875
1 0.67265625 0.36953125 0.69609375 0.3578125 0.69765625 0.3625 0.675 0.3734375
1 0.53203125 0.37890625 0.53828125 0.37890625 0.53828125 0.390625 0.53203125 0.390625
1 0.49921875 0.38203125 0.50703125 0.38828125 0.49765625 0.40078125 0.48984375 0.39453125
1 0.59296875 0.33125 0.625 0.31640625 0.62734375 0.321875 0.5953125 0.3359375
1 0.6484375 0.53125 0.6765625 0.52265625 0.678125 0.528125 0.65 0.53671875
1 0.67265625 0.44375 0.68828125 0.43125 0.6921875 0.43671875 0.67734375 0.44921875
1 0.65703125 0.41953125 0.6703125 0.41953125 0.6703125 0.42421875 0.65703125 0.42421875
1 0.69765625 0.32421875 0.73515625 0.3046875 0.7390625 0.3125 0.7015625 0.33203125
1 0.8046875 0.28203125 0.84140625 0.25625 0.84609375 0.26328125 0.809375 0.28828125
1 0.69765625 0.27578125 0.7203125 0.265625 0.721875 0.26875 0.69921875 0.2796875
1 0.7671875 0.4421875 0.7765625 0.4421875 0.7765625 0.4515625 0.7671875 0.4515625
1 0.78203125 0.43984375 0.8 0.43984375 0.8 0.4484375 0.78203125 0.4484375
1 0.8 0.475 0.846875 0.45859375 0.85078125 0.46796875 0.803125 0.48515625
1 0.9015625 0.421875 0.9265625 0.41484375 0.9296875 0.42421875 0.9046875 0.43125
1 0.89609375 0.4125 0.9109375 0.4046875 0.9140625 0.4109375 0.89921875 0.41796875
1 0.859375 0.37734375 0.8796875 0.3609375 0.8859375 0.36875 0.865625 0.384375
1 0.84921875 0.34921875 0.8609375 0.34296875 0.86328125 0.346875 0.8515625 0.353125
1 0.97265625 0.17734375 0.9859375 0.17734375 0.9859375 0.1859375 0.97265625 0.1859375
