2 0.515625 0.15234375 0.52734375 0.14375 0.5421875 0.16640625 0.5296875 0.17421875
2 0.4296875 0.06171875 0.43984375 0.05625 0.45859375 0.0953125 0.44765625 0.1
2 0.34609375 0.14375 0.3515625 0.13828125 0.365625 0.15390625 0.359375 0.15859375
2 0.41953125 0.16953125 0.425 0.1640625 0.4546875 0.190625 0.44921875 0.19609375
2 0.3640625 0.003125 0.3703125 -0.003125 0.38515625 0.00859375 0.37890625 0.015625
2 0.48984375 0.1375 0.5015625 0.1375 0.5015625 0.16171875 0.48984375 0.16171875
2 0.72421875 0.33515625 0.7390625 0.33515625 0.7390625 0.34609375 0.72421875 0.34609375
2 0.76328125 0.29609375 0.76640625 0.2921875 0.78046875 0.30546875 0.7765625 0.309375
2 0.7375 0.2421875 0.74921875 0.2375 0.75859375 0.26015625 0.746875 0.26484375
2 0.8015625 0.42265625 0.82734375 0.43671875 0.8234375 0.44453125 0.79765625 0.43046875
2 0.79609375 0.1546875 0.81484375 0.1546875 0.81484375 0.16875 0.79609375 0.16875
2 0.46875 0.3171875 0.47578125 0.3125 0.4890625 0.33203125 0.48203125 0.33671875
2 0.84921875 0.3921875 0.86640625 0.3921875 0.86640625 0.409375 0.84921875 0.409375
2 0.9359375 0.365625 0.94921875 0.365625 0.94921875 0.38046875 0.9359375 0.38046875
2 0.92578125 0.11953125 0.9390625 0.11015625 0.96484375 0.14765625 0.9515625 0.15625
2 0.99765625 0.17265625 0.98828125 0.1796875 0.96796875 0.15234375 0.978125 0.1453125
2 0.95234375 0.5 0.96171875 0.49296875 0.98125 0.51796875 0.97109375 0.52578125
2 0.93828125 0.5546875 0.94765625 0.54453125 0.971875 0.5671875 0.96171875 0.57734375
3 0.109375 0.27578125 0.140625 0.27578125 0.140625 0.29375 0.109375 0.29375
