0 0.14375 0.828125 0.15234375 0.828125 0.15234375 0.8375 0.14375 0.8375
0 0.115625 0.88359375 0.1453125 0.88359375 0.1453125 0.89375 0.115625 0.89375
0 0.009375 0.971875 0.02890625 0.96171875 0.03203125 0.96796875 0.0125 0.97734375
0 0.0546875 0.97265625 0.0765625 0.96015625 0.07890625 0.9640625 0.05703125 0.9765625
0 0.16328125 0.9234375 0.18125 0.9234375 0.18125 0.928125 0.16328125 0.928125
0 0.18125 0.8703125 0.19921875 0.85703125 0.20234375 0.8609375 0.184375 0.87421875
0 0.21484375 0.87109375 0.22734375 0.859375 0.23125 0.86484375 0.21875 0.87578125
0 0.02421875 0.86640625 0.0359375 0.86640625 0.0359375 0.87109375 0.02421875 0.87109375
0 0.025 0.90390625 0.05546875 0.88671875 0.0578125 0.8921875 0.02734375 0.909375
0 0.0953125 0.88125 0.1234375 0.86171875 0.1296875 0.87109375 0.10234375 0.890625
0 0.103125 0.86328125 0.13359375 0.84453125 0.13671875 0.85 0.10625 0.86875
0 0.18046875 0.78515625 0.20546875 0.75859375 0.2109375 0.76328125 0.1859375 0.78984375
0 0.2265625 0.7640625 0.23359375 0.7671875 0.2265625 0.78203125 0.21953125 0.77890625
0 0.21796875 0.78203125 0.22734375 0.78203125 0.22734375 0.79921875 0.21796875 0.79921875
0 0.228125 0.75390625 0.25390625 0.75390625 0.25390625 0.765625 0.228125 0.765625
0 0.32578125 0.73046875 0.34765625 0.73046875 0.34765625 0.7375 0.32578125 0.7375
0 0.35546875 0.71015625 0.36640625 0.715625 0.359375 0.7296875 0.3484375 0.7234375
0 0.40390625 0.7046875 0.4140625 0.7046875 0.4140625 0.71328125 0.40390625 0.71328125
0 0.378125 0.6953125 0.3953125 0.68125 0.4 0.6875 0.3828125 0.7015625
0 0.365625 0.70078125 0.38046875 0.70078125 0.38046875 0.71015625 0.365625 0.71015625
0 0.43359375 0.69140625 0.4546875 0.69140625 0.4546875 0.70703125 0.43359375 0.70703125
0 0.40234375 0.6875 0.41796875 0.67578125 0.4234375 0.68359375 0.40859375 0.6953125
0 0.3375 0.66484375 0.359375 0.67421875 0.35625 0.6796875 0.33515625 0.67109375
0 0.06328125 0.60703125 0.14609375 0.57734375 0.14921875 0.5859375 0.06640625 0.61640625
0 0.02734375 0.63984375 0.04453125 0.6328125 0.046875 0.63984375 0.03046875 0.646875
0 0.10546875 0.62578125 0.115625 0.62578125 0.115625 0.63515625 0.10546875 0.63515625
0 0.31015625 0.62734375 0.31796875 0.62734375 0.31796875 0.63515625 0.31015625 0.63515625
0 0.23046875 0.63046875 0.24140625 0.63046875 0.24140625 0.6484375 0.23046875 0.6484375
0 0.1671875 0.8296875 0.19765625 0.80703125 0.20234375 0.81328125 0.17265625 0.8359375
0 0.22734375 0.8015625 0.2375 0.80546875 0.22734375 0.83046875 0.2171875 0.8265625
0 0.3265625 0.89453125 0.33359375 0.89921875 0.31640625 0.928125 0.309375 0.92421875
0 0.31875 0.8234375 0.33828125 0.8234375 0.33828125 0.84296875 0.31875 0.84296875
0 0.4125 0.8859375 0.446875 0.8859375 0.446875 0.90546875 0.4125 0.90546875
0 0.3171875 0.96328125 0.33203125 0.96328125 0.33203125 0.96953125 0.3171875 0.96953125
0 0.2859375 0.95859375 0.315625 0.95859375 0.315625 0.96953125 0.2859375 0.96953125
0 0.33359375 0.95 0.34296875 0.95 0.34296875 0.96171875 0.33359375 0.96171875
0 0.49296875 0.89140625 0.5234375 0.90234375 0.5203125 0.91171875 0.48984375 0.90078125
0 0.5125 0.88828125 0.53515625 0.8984375 0.53203125 0.90625 0.50859375 0.8953125
0 0.5671875 0.93671875 0.5875 0.93671875 0.5875 0.9421875 0.5671875 0.9421875
0 0.49765625 0.96640625 0.528125 0.96640625 0.528125 0.978125 0.49765625 0.978125
0 0.56875 0.67578125 0.58984375 0.67578125 0.58984375 0.68515625 0.56875 0.68515625
0 0.48671875 0.68515625 0.50625 0.68515625 0.50625 0.696875 0.48671875 0.696875
0 0.62421875 0.72578125 0.634375 0.72578125 0.634375 0.73203125 0.62421875 0.73203125
0 0.659375 0.65546875 0.67578125 0.65546875 0.67578125 0.66171875 0.659375 0.66171875
0 0.63046875 0.65546875 0.65625 0.65546875 0.65625 0.66015625 0.63046875 0.66015625
0 0.61015625 0.63515625 0.62265625 0.63515625 0.62265625 0.6484375 0.61015625 0.6484375
0 0.6171875 0.6484375 0.62734375 0.6484375 0.62734375 0.65859375 0.6171875 0.65859375
0 0.82890625 0.703125 0.8484375 0.68671875 0.8546875 0.69453125 0.8359375 0.7109375
0 0.8453125 0.75 0.87109375 0.75 0.87109375 0.759375 0.8453125 0.759375
0 0.91953125 0.76953125 0.9546875 0.753125 0.9578125 0.75859375 0.921875 0.77578125
0 0.9296875 0.7859375 0.95546875 0.77421875 0.959375 0.7828125 0.934375 0.7953125
0 0.9453125 0.81015625 0.971875 0.79375 0.97578125 0.8 0.94921875 0.81640625
0 0.44453125 0.57578125 0.46796875 0.57578125 0.46796875 0.58359375 0.44453125 0.58359375
0 0.6125 0.5359375 0.621875 0.5359375 0.621875 0.54375 0.6125 0.54375
0 0.51640625 0.52734375 0.52578125 0.52734375 0.52578125 0.53671875 0.51640625 0.53671875
0 0.42734375 0.525 0.4734375 0.525 0.4734375 0.53359375 0.42734375 0.53359375
0 0.66328125 0.8546875 0.69140625 0.84453125 0.69453125 0.8546875 0.6671875 0.8640625
0 0.85078125 0.8421875 0.87578125 0.83203125 0.87734375 0.83671875 0.853125 0.84765625
0 0.975 0.4 0.9875 0.38515625 0.99453125 0.39140625 0.98203125 0.40625
0 0.54765625 0.66015625 0.56328125 0.66015625 0.56328125 0.671875 0.54765625 0.671875
0 0.59609375 0.63203125 0.6046875 0.634375 0.60234375 0.6453125 0.59375 0.64296875
3 0.2984375 0.36875 0.30625 0.36875 0.30625 0.3765625 0.2984375 0.3765625
