2 0.6359375 0.6875 0.64921875 0.6875 0.64921875 0.70078125 0.6359375 0.70078125
2 0.01015625 0.1890625 0.03125 0.1890625 0.03125 0.2046875 0.01015625 0.2046875
2 0.0859375 0.25703125 0.09921875 0.24609375 0.10625 0.25546875 0.09296875 0.265625
2 0.11171875 0.14375 0.1234375 0.14921875 0.1125 0.17421875 0.10078125 0.16875
2 0.1171875 0.02109375 0.12578125 0.02109375 0.12578125 0.03671875 0.1171875 0.03671875
2 0.29296875 0.196875 0.30859375 0.196875 0.30859375 0.215625 0.29296875 0.215625
2 0.25390625 0.34609375 0.26640625 0.34609375 0.26640625 0.35859375 0.25390625 0.35859375
2 0.0625 0.26796875 0.0921875 0.26796875 0.0921875 0.29140625 0.0625 0.29140625
2 0.23515625 0.296875 0.2546875 0.296875 0.2546875 0.32578125 0.23515625 0.32578125
2 0.3796875 0.328125 0.38984375 0.315625 0.4109375 0.3328125 0.40078125 0.3453125
2 0.5578125 0.44140625 0.5703125 0.44140625 0.5703125 0.475 0.5578125 0.475
2 0.5296875 0.47578125 0.54375 0.46953125 0.559375 0.503125 0.5453125 0.509375
2 0.59765625 0.51953125 0.6109375 0.51953125 0.6109375 0.54140625 0.59765625 0.54140625
2 0.30234375 0.56484375 0.32109375 0.56484375 0.32109375 0.58125 0.30234375 0.58125
2 0.02734375 0.33671875 0.040625 0.31953125 0.08046875 0.34921875 0.0671875 0.3671875
2 0.16171875 0.38046875 0.1703125 0.3734375 0.184375 0.39140625 0.17578125 0.39765625
2 0.94296875 0.821875 0.9484375 0.81796875 0.96328125 0.83984375 0.9578125 0.84375
2 0.96796875 0.85 0.97265625 0.83984375 0.99375 0.85 0.98828125 0.86015625
2 0.5328125 0.9359375 0.5359375 0.93125 0.54921875 0.93984375 0.54609375 0.94453125
2 0.3359375 0.82109375 0.346875 0.82109375 0.346875 0.83203125 0.3359375 0.83203125
2 0.35625 0.84453125 0.35078125 0.85078125 0.3390625 0.8390625 0.3453125 0.8328125
2 0.40625 0.796875 0.4171875 0.796875 0.4171875 0.8078125 0.40625 0.8078125
2 0.31171875 0.41796875 0.3296875 0.41796875 0.3296875 0.43359375 0.31171875 0.43359375
2 0.30703125 0.815625 0.31953125 0.815625 0.31953125 0.83203125 0.30703125 0.83203125
2 0.0140625 0.2640625 0.02734375 0.2640625 0.02734375 0.28125 0.0140625 0.28125
2 0.6671875 0.775 0.68359375 0.775 0.68359375 0.79140625 0.6671875 0.79140625
2 0.57578125 0.72734375 0.58984375 0.72734375 0.58984375 0.74296875 0.57578125 0.74296875
2 0.43828125 0.8046875 0.471875 0.81328125 0.46875 0.82578125 0.43515625 0.8171875
2 0.4953125 0.81328125 0.509375 0.81328125 0.509375 0.8375 0.4953125 0.8375
2 0.51171875 0.834375 0.525 0.834375 0.525 0.84765625 0.51171875 0.84765625
2 0.43203125 0.92109375 0.4390625 0.92109375 0.4390625 0.940625 0.43203125 0.940625
2 0.2859375 0.80234375 0.30625 0.80234375 0.30625 0.81875 0.2859375 0.81875
2 0.36328125 0.6296875 0.37734375 0.6296875 0.37734375 0.64375 0.36328125 0.64375
2 0.29296875 0.359375 0.3046875 0.3578125 0.30859375 0.396875 0.296875 0.39765625
2 0.40390625 0.5640625 0.41796875 0.5640625 0.41796875 0.578125 0.40390625 0.578125
2 0.13125 0.60078125 0.1390625 0.5953125 0.1515625 0.6125 0.14375 0.61796875
2 0.1796875 0.61953125 0.18515625 0.6140625 0.2125 0.640625 0.20703125 0.646875
2 0.21015625 0.61640625 0.21640625 0.6078125 0.23984375 0.625 0.2328125 0.63359375
2 0.6640625 0.64609375 0.67265625 0.6328125 0.7015625 0.653125 0.69296875 0.665625
2 0.603125 0.59140625 0.6125 0.578125 0.6359375 0.5953125 0.6265625 0.60859375
2 0.35 0.29921875 0.35625 0.290625 0.38515625 0.3125 0.37890625 0.32109375
2 0.571875 0.4875 0.5796875 0.4875 0.5796875 0.50625 0.571875 0.50625
2 0.55078125 0.55 0.5609375 0.53671875 0.58515625 0.55546875 0.575 0.56875
2 0.69609375 0.8265625 0.72109375 0.80703125 0.73203125 0.821875 0.70703125 0.84140625
2 0.825 0.8921875 0.85 0.8921875 0.85 0.9140625 0.825 0.9140625
2 0.953125 0.928125 0.9671875 0.928125 0.9671875 0.94765625 0.953125 0.94765625
2 0.95546875 0.971875 0.98203125 0.971875 0.98203125 0.99375 0.95546875 0.99375
2 0.640625 0.92578125 0.6546875 0.92578125 0.6546875 0.9375 0.640625 0.9375
2 0.73828125 0.94453125 0.75703125 0.94453125 0.75703125 0.9609375 0.73828125 0.9609375
2 0.56796875 0.9640625 0.57734375 0.95234375 0.59765625 0.96796875 0.58828125 0.9796875
2 0.50546875 0.98515625 0.571875 0.98515625 0.571875 0.99921875 0.50546875 0.99921875
2 0.78203125 0.68203125 0.79921875 0.68203125 0.79921875 0.69921875 0.78203125 0.69921875
2 0.859375 0.7578125 0.8703125 0.7578125 0.8703125 0.790625 0.859375 0.790625
2 0.8421875 0.75625 0.859375 0.75625 0.859375 0.77890625 0.8421875 0.77890625
2 0.88984375 0.77890625 0.896875 0.77890625 0.896875 0.78984375 0.88984375 0.78984375
2 0.8828125 0.7921875 0.8984375 0.7921875 0.8984375 0.8 0.8828125 0.8
