2 0.14375 0.0734375 0.16171875 0.0734375 0.16171875 0.08359375 0.14375 0.08359375
2 0.1265625 0.07578125 0.1421875 0.07578125 0.1421875 0.0890625 0.1265625 0.0890625
2 0.103125 0.07265625 0.11875 0.07265625 0.11875 0.0875 0.103125 0.0875
2 0.08828125 0.1515625 0.09609375 0.1453125 0.11171875 0.1640625 0.10390625 0.17109375
2 0.2421875 0.18828125 0.25078125 0.18828125 0.25078125 0.20546875 0.2421875 0.20546875
2 0.253125 0.16328125 0.26171875 0.15546875 0.28046875 0.175 0.271875 0.1828125
2 0.121875 0.14765625 0.134375 0.14765625 0.134375 0.1859375 0.121875 0.1859375
2 0.053125 0.07109375 0.06328125 0.0625 0.08125 0.08515625 0.0703125 0.09375
2 0.1328125 0.3078125 0.15 0.3078125 0.15 0.36484375 0.1328125 0.36484375
2 0.1421875 0.37265625 0.16171875 0.37265625 0.16171875 0.396875 0.1421875 0.396875
2 0.190625 0.38203125 0.20859375 0.38203125 0.20859375 0.40859375 0.190625 0.40859375
2 0.14921875 0.4 0.16640625 0.4125 0.14765625 0.43828125 0.13046875 0.42578125
2 0.159375 0.5015625 0.16796875 0.49375 0.17890625 0.50625 0.1703125 0.5140625
2 0.23203125 0.52890625 0.23984375 0.52109375 0.25703125 0.5375 0.25 0.5453125
2 0.26875 0.66875 0.28359375 0.66875 0.28359375 0.69296875 0.26875 0.69296875
2 0.17734375 0.6359375 0.18984375 0.6359375 0.18984375 0.6578125 0.17734375 0.6578125
2 0.27890625 0.6171875 0.29296875 0.6171875 0.29296875 0.64765625 0.27890625 0.64765625
2 0.25625 0.59609375 0.278125 0.59609375 0.278125 0.6359375 0.25625 0.6359375
2 0.278125 0.23515625 0.28984375 0.23515625 0.28984375 0.2671875 0.278125 0.2671875
2 0.28671875 0.32578125 0.31015625 0.32578125 0.31015625 0.36328125 0.28671875 0.36328125
2 0.0984375 0.26796875 0.11875 0.265625 0.125 0.30625 0.1046875 0.309375
2 0.29375 0.78203125 0.31015625 0.78203125 0.31015625 0.79609375 0.29375 0.79609375
2 0.44375 0.653125 0.4625 0.653125 0.4625 0.69921875 0.44375 0.69921875
2 0.3578125 0.82734375 0.37265625 0.82734375 0.37265625 0.8390625 0.3578125 0.8390625
2 0.50078125 0.940625 0.51328125 0.940625 0.51328125 0.95703125 0.50078125 0.95703125
2 0.478125 0.9296875 0.48671875 0.9296875 0.48671875 0.946875 0.478125 0.946875
2 0.2875 0.98046875 0.30546875 0.98046875 0.30546875 1.0 0.2875 1.0
2 0.378125 0.77890625 0.396875 0.77890625 0.396875 0.79296875 0.378125 0.79296875
2 0.4671875 0.8328125 0.47265625 0.8328125 0.47265625 0.840625 0.4671875 0.840625
2 0.47890625 0.84296875 0.4953125 0.84296875 0.4953125 0.8625 0.47890625 0.8625
2 0.54296875 0.90546875 0.5546875 0.90546875 0.5546875 0.9328125 0.54296875 0.9328125
2 0.49296875 0.8 0.50625 0.8 0.50625 0.81796875 0.49296875 0.81796875
2 0.1328125 0.2640625 0.1546875 0.2640625 0.1546875 0.30546875 0.1328125 0.30546875
2 0.221875 0.3296875 0.2375 0.3296875 0.2375 0.35703125 0.221875 0.35703125
