3 0.46171875 0.7109375 0.46953125 0.7109375 0.46953125 0.72578125 0.46171875 0.72578125
3 0.0484375 0.95859375 0.053125 0.95859375 0.053125 0.96328125 0.0484375 0.96328125
3 0.3984375 0.09296875 0.4125 0.10078125 0.4078125 0.11015625 0.39296875 0.10234375
3 0.75390625 0.459375 0.7640625 0.47109375 0.7546875 0.47890625 0.74453125 0.46796875
0 0.81015625 0.38671875 0.83671875 0.40859375 0.83046875 0.415625 0.80390625 0.39375
0 0.171875 0.09453125 0.21171875 0.09453125 0.21171875 0.10234375 0.171875 0.10234375
0 0.246875 0.14296875 0.259375 0.14296875 0.259375 0.153125 0.246875 0.153125
0 0.51328125 0.11015625 0.5421875 0.12890625 0.5375 0.1359375 0.50859375 0.1171875
0 0.31484375 0.0640625 0.328125 0.05859375 0.33046875 0.06484375 0.31796875 0.0703125
0 0.30078125 0.05703125 0.30703125 0.05390625 0.3140625 0.06640625 0.3078125 0.0703125
0 0.25 0.015625 0.2640625 0.015625 0.2640625 0.02109375 0.25 0.02109375
0 0.271875 0.04453125 0.28671875 0.04296875 0.28671875 0.046875 0.271875 0.0484375
0 0.015625 0.1140625 0.025 0.109375 0.02734375 0.1140625 0.0171875 0.11875
0 0.071875 0.09140625 0.08125 0.08671875 0.0828125 0.08984375 0.07421875 0.09453125
0 0.06328125 0.08203125 0.07421875 0.08203125 0.07421875 0.08671875 0.06328125 0.08671875
0 0.2796875 0.234375 0.29453125 0.24140625 0.29296875 0.2453125 0.27734375 0.2390625
0 0.42890625 0.3890625 0.45234375 0.396875 0.45 0.4046875 0.4265625 0.396875
0 0.4265625 0.31875 0.43671875 0.31875 0.43671875 0.325 0.4265625 0.325
0 0.42578125 0.21796875 0.4421875 0.21328125 0.44375 0.21796875 0.42734375 0.221875
0 0.3921875 0.15625 0.41328125 0.15625 0.41328125 0.16171875 0.3921875 0.16171875
0 0.4046875 0.0875 0.41875 0.09609375 0.415625 0.10078125 0.4015625 0.0921875
0 0.51484375 0.20390625 0.54140625 0.20390625 0.54140625 0.209375 0.51484375 0.209375
0 0.54296875 0.33515625 0.56328125 0.34140625 0.5625 0.34453125 0.54140625 0.33828125
0 0.58671875 0.365625 0.59375 0.365625 0.59375 0.37265625 0.58671875 0.37265625
0 0.628125 0.45234375 0.646875 0.45234375 0.646875 0.45859375 0.628125 0.45859375
0 0.6625 0.4578125 0.6734375 0.4625 0.67109375 0.4671875 0.66015625 0.4625
0 0.67265625 0.465625 0.6796875 0.465625 0.6796875 0.47578125 0.67265625 0.47578125
0 0.68125 0.46953125 0.6890625 0.46953125 0.6890625 0.475 0.68125 0.475
0 0.64140625 0.26015625 0.65546875 0.26015625 0.65546875 0.2671875 0.64140625 0.2671875
0 0.7203125 0.178125 0.72578125 0.178125 0.72578125 0.1859375 0.7203125 0.1859375
0 0.7375 0.14453125 0.7453125 0.14453125 0.7453125 0.15625 0.7375 0.15625
0 0.60625 0.0 0.6140625 0.0 0.6140625 0.00703125 0.60625 0.00703125
0 0.8046875 0.134375 0.81015625 0.134375 0.81015625 0.14375 0.8046875 0.14375
0 0.8234375 0.140625 0.82890625 0.140625 0.82890625 0.15390625 0.8234375 0.15390625
0 0.84453125 0.13671875 0.84765625 0.134375 0.86015625 0.15234375 0.85703125 0.1546875
0 0.84296875 0.1546875 0.846875 0.15234375 0.85546875 0.16640625 0.85234375 0.16875
0 0.85390625 0.153125 0.85703125 0.153125 0.85703125 0.16484375 0.85390625 0.16484375
0 0.85390625 0.190625 0.86015625 0.1859375 0.8765625 0.209375 0.8703125 0.2140625
0 0.84375 0.18671875 0.846875 0.184375 0.85546875 0.19609375 0.8515625 0.1984375
0 0.825 0.16484375 0.834375 0.16484375 0.834375 0.16875 0.825 0.16875
0 0.91796875 0.22265625 0.93046875 0.22265625 0.93046875 0.228125 0.91796875 0.228125
0 0.93203125 0.2265625 0.93828125 0.2265625 0.93828125 0.23671875 0.93203125 0.23671875
0 0.95234375 0.21015625 0.95390625 0.2078125 0.96328125 0.2171875 0.96171875 0.21875
0 0.478125 0.39921875 0.50234375 0.409375 0.5 0.41328125 0.4765625 0.40390625
0 0.803125 0.4796875 0.8375 0.49765625 0.83515625 0.503125 0.8 0.4859375
0 0.86015625 0.546875 0.87734375 0.55703125 0.87421875 0.5609375 0.8578125 0.5515625
0 0.7734375 0.56171875 0.79765625 0.5734375 0.7953125 0.57734375 0.771875 0.56484375
0 0.77265625 0.5421875 0.79453125 0.5421875 0.79453125 0.54765625 0.77265625 0.54765625
0 0.89453125 0.52578125 0.9046875 0.52578125 0.9046875 0.53828125 0.89453125 0.53828125
0 0.91796875 0.4859375 0.92890625 0.4859375 0.92890625 0.5078125 0.91796875 0.5078125
0 0.7921875 0.6109375 0.83125 0.63125 0.82734375 0.63828125 0.7890625 0.61796875
