1 0.109375 0.659375 0.12890625 0.6484375 0.1359375 0.6609375 0.11640625 0.671875
1 0.003125 0.72265625 0.02109375 0.72265625 0.02109375 0.74453125 0.003125 0.74453125
1 0.0125 0.67109375 0.021875 0.67109375 0.021875 0.678125 0.0125 0.678125
1 0.0 0.62109375 0.01640625 0.62109375 0.01640625 0.65078125 0.0 0.65078125
1 0.03046875 0.58671875 0.040625 0.58671875 0.040625 0.60390625 0.03046875 0.60390625
1 0.09453125 0.59765625 0.10234375 0.6046875 0.090625 0.6171875 0.08359375 0.6109375
1 0.0015625 0.5484375 0.01640625 0.5484375 0.01640625 0.57421875 0.0015625 0.57421875
1 0.0296875 0.5265625 0.040625 0.5265625 0.040625 0.5375 0.0296875 0.5375
1 0.0765625 0.478125 0.0890625 0.478125 0.0890625 0.49453125 0.0765625 0.49453125
1 0.2296875 0.56171875 0.240625 0.5703125 0.228125 0.5859375 0.2171875 0.5765625
1 0.19375 0.5875 0.2046875 0.5984375 0.18359375 0.61796875 0.1734375 0.60625
1 0.06875 0.38125 0.08046875 0.39296875 0.0671875 0.40625 0.05546875 0.39453125
1 0.1203125 0.321875 0.12734375 0.33203125 0.109375 0.34375 0.103125 0.33359375
1 0.10625 0.27890625 0.11484375 0.2890625 0.09765625 0.3046875 0.0890625 0.2953125
1 0.18515625 0.3390625 0.203125 0.32578125 0.21015625 0.33515625 0.1921875 0.3484375
1 0.19140625 0.31015625 0.19921875 0.31015625 0.19921875 0.32109375 0.19140625 0.32109375
1 0.2234375 0.2953125 0.23359375 0.2953125 0.23359375 0.3046875 0.2234375 0.3046875
1 0.28671875 0.29609375 0.2953125 0.29609375 0.2953125 0.309375 0.28671875 0.309375
1 0.28984375 0.2796875 0.2984375 0.2796875 0.2984375 0.29453125 0.28984375 0.29453125
1 0.26796875 0.36328125 0.278125 0.36328125 0.278125 0.37265625 0.26796875 0.37265625
1 0.1234375 0.51484375 0.1421875 0.51484375 0.1421875 0.5390625 0.1234375 0.5390625
1 0.09453125 0.446875 0.1140625 0.446875 0.1140625 0.46640625 0.09453125 0.46640625
1 0.16328125 0.40859375 0.1765625 0.40859375 0.1765625 0.421875 0.16328125 0.421875
1 0.0640625 0.4640625 0.06875 0.46953125 0.05703125 0.48046875 0.0515625 0.47578125
1 0.10390625 0.36640625 0.11640625 0.3578125 0.11953125 0.3640625 0.10703125 0.371875
1 0.31015625 0.47109375 0.32109375 0.47109375 0.32109375 0.4890625 0.31015625 0.4890625
1 0.2953125 0.51953125 0.30703125 0.51953125 0.30703125 0.52890625 0.2953125 0.52890625
1 0.1640625 0.334375 0.17578125 0.334375 0.17578125 0.34453125 0.1640625 0.34453125
1 0.22421875 0.24609375 0.215625 0.2578125 0.21015625 0.2546875 0.21875 0.2421875
1 0.5828125 0.1515625 0.59140625 0.1515625 0.59140625 0.16015625 0.5828125 0.16015625
1 0.5515625 0.21171875 0.56328125 0.21171875 0.56328125 0.2265625 0.5515625 0.2265625
1 0.575 0.19140625 0.57890625 0.196875 0.5546875 0.2140625 0.55078125 0.20859375
1 0.52890625 0.17890625 0.53828125 0.17890625 0.53828125 0.1875 0.52890625 0.1875
1 0.5296875 0.15625 0.546875 0.1609375 0.54453125 0.1703125 0.52734375 0.165625
1 0.54765625 0.13984375 0.559375 0.14765625 0.55 0.16171875 0.53828125 0.153125
1 0.56953125 0.12109375 0.57578125 0.12890625 0.559375 0.14140625 0.553125 0.1328125
1 0.5796875 0.121875 0.59296875 0.121875 0.59296875 0.1359375 0.5796875 0.1359375
1 0.590625 0.0921875 0.603125 0.0921875 0.603125 0.10859375 0.590625 0.10859375
1 0.603125 0.0890625 0.61328125 0.0890625 0.61328125 0.10703125 0.603125 0.10703125
1 0.61640625 0.0890625 0.62890625 0.0890625 0.62890625 0.10625 0.61640625 0.10625
1 0.6671875 0.0 0.67734375 0.00390625 0.66953125 0.02109375 0.65859375 0.01640625
1 0.634375 0.0265625 0.6421875 0.02890625 0.6375 0.04453125 0.62890625 0.0421875
1 0.64609375 0.05625 0.659375 0.0453125 0.6703125 0.0578125 0.65625 0.06875
1 0.70703125 -0.00078125 0.71953125 0.0046875 0.7140625 0.01640625 0.7015625 0.01015625
1 0.5578125 0.0 0.56875 0.0 0.56875 0.00546875 0.5578125 0.00546875
1 0.465625 0.00078125 0.49375 0.00078125 0.49375 0.01640625 0.465625 0.01640625
1 0.49140625 0.03203125 0.503125 0.03203125 0.503125 0.0453125 0.49140625 0.0453125
1 0.5015625 0.24453125 0.515625 0.24453125 0.515625 0.25625 0.5015625 0.25625
1 0.60390625 0.171875 0.60859375 0.17578125 0.59921875 0.1859375 0.5953125 0.18125
1 0.50078125 0.27421875 0.5203125 0.25234375 0.53046875 0.26171875 0.5109375 0.2828125
1 0.41015625 0.18828125 0.4171875 0.18203125 0.42734375 0.19375 0.4203125 0.2
1 0.3796875 0.159375 0.3875 0.153125 0.39921875 0.1671875 0.39140625 0.1734375
1 0.3421875 0.209375 0.35234375 0.209375 0.35234375 0.2203125 0.3421875 0.2203125
1 0.34140625 0.23125 0.35703125 0.22421875 0.3609375 0.23203125 0.3453125 0.2390625
1 0.4171875 0.22734375 0.42578125 0.22734375 0.42578125 0.2328125 0.4171875 0.2328125
1 0.390625 0.384375 0.41875 0.3625 0.42734375 0.3734375 0.39921875 0.3953125
1 0.38046875 0.37109375 0.39140625 0.37109375 0.39140625 0.3859375 0.38046875 0.3859375
1 0.43125 0.29453125 0.44921875 0.29453125 0.44921875 0.30390625 0.43125 0.30390625
1 0.3140625 0.13359375 0.340625 0.1015625 0.35 0.109375 0.3234375 0.14140625
1 0.30703125 0.08046875 0.3359375 0.0625 0.33984375 0.06953125 0.3109375 0.0875
1 0.21171875 0.040625 0.22265625 0.040625 0.22265625 0.05078125 0.21171875 0.05078125
3 0.83828125 0.70703125 0.8453125 0.70703125 0.8453125 0.7125 0.83828125 0.7125
3 0.90234375 0.5875 0.91015625 0.5875 0.91015625 0.59453125 0.90234375 0.59453125
