2 0.82109375 0.55234375 0.8609375 0.5125 0.87890625 0.5296875 0.83828125 0.56953125
2 0.2921875 0.66953125 0.31171875 0.66953125 0.31171875 0.69140625 0.2921875 0.69140625
2 0.45 0.72421875 0.4671875 0.72421875 0.4671875 0.7390625 0.45 0.7390625
3 0.0296875 0.1125 0.04609375 0.1125 0.04609375 0.13515625 0.0296875 0.13515625
2 0.775 0.671875 0.79921875 0.671875 0.79921875 0.6859375 0.775 0.6859375
2 0.3640625 0.65625 0.38125 0.65625 0.38125 0.66953125 0.3640625 0.66953125
2 0.40703125 0.90078125 0.44140625 0.8765625 0.45 0.88828125 0.41484375 0.9125
2 0.41640625 0.79140625 0.434375 0.79140625 0.434375 0.80859375 0.41640625 0.80859375
2 0.796875 0.5703125 0.8125 0.5515625 0.88828125 0.615625 0.87265625 0.634375
2 0.56953125 0.69296875 0.5921875 0.69296875 0.5921875 0.70625 0.56953125 0.70625
2 0.5984375 0.67578125 0.61796875 0.67578125 0.61796875 0.69609375 0.5984375 0.69609375
