0 0.31484375 0.56875 0.328125 0.57578125 0.32578125 0.58125 0.31171875 0.5734375
3 0.17109375 0.9 0.178125 0.9 0.178125 0.9078125 0.17109375 0.9078125
3 0.6375 0.83984375 0.6421875 0.83984375 0.6421875 0.84453125 0.6375 0.84453125
3 0.703125 0.5265625 0.71171875 0.5265625 0.71171875 0.534375 0.703125 0.534375
0 0.29609375 0.22578125 0.31953125 0.22578125 0.31953125 0.23515625 0.29609375 0.23515625
0 0.64453125 0.7875 0.659375 0.7875 0.659375 0.825 0.64453125 0.825
0 0.1265625 0.2234375 0.1578125 0.20859375 0.1609375 0.21640625 0.13046875 0.23046875
0 0.28515625 0.03515625 0.3109375 0.0125 0.31796875 0.0203125 0.29140625 0.04296875
3 0.9859375 0.46953125 0.99140625 0.46953125 0.99140625 0.4765625 0.9859375 0.4765625
0 0.68203125 0.78984375 0.6921875 0.78984375 0.6921875 0.83046875 0.68203125 0.83046875
