3 0.89375 0.5265625 0.91015625 0.5265625 0.91015625 0.546875 0.89375 0.546875
2 0.27265625 0.77265625 0.2890625 0.77265625 0.2890625 0.78515625 0.27265625 0.78515625
2 0.1515625 0.9296875 0.1609375 0.9203125 0.1640625 0.92421875 0.1546875 0.9328125
2 0.10859375 0.97109375 0.1234375 0.97109375 0.1234375 0.984375 0.10859375 0.984375
2 0.5453125 0.76953125 0.55390625 0.765625 0.559375 0.77890625 0.5515625 0.7828125
2 0.2890625 0.846875 0.29609375 0.8515625 0.28671875 0.86328125 0.28046875 0.85859375
3 0.49140625 0.54453125 0.5 0.54453125 0.5 0.55703125 0.49140625 0.55703125
3 0.45546875 0.55 0.465625 0.55 0.465625 0.571875 0.45546875 0.571875
3 0.4375 0.221875 0.44453125 0.221875 0.44453125 0.22890625 0.4375 0.22890625
3 0.134375 0.12890625 0.14609375 0.12890625 0.14609375 0.13828125 0.134375 0.13828125
