0 0.08046875 0.65625 0.10625 0.65625 0.10625 0.6671875 0.08046875 0.6671875
0 0.03046875 0.66328125 0.0515625 0.66328125 0.0515625 0.671875 0.03046875 0.671875
0 0.05078125 0.65859375 0.0609375 0.6546875 0.0625 0.65703125 0.0515625 0.66171875
0 0.128125 0.65703125 0.1546875 0.64765625 0.15859375 0.66015625 0.13203125 0.66953125
0 0.178125 0.628125 0.221875 0.62265625 0.2234375 0.634375 0.1796875 0.63984375
0 0.1953125 0.6015625 0.225 0.59765625 0.22578125 0.60390625 0.19609375 0.6078125
0 0.1453125 0.5921875 0.153125 0.5921875 0.153125 0.6015625 0.1453125 0.6015625
0 0.2578125 0.65625 0.2734375 0.65625 0.2734375 0.6671875 0.2578125 0.6671875
0 0.23359375 0.715625 0.26640625 0.715625 0.26640625 0.7234375 0.23359375 0.7234375
0 0.31171875 0.609375 0.34921875 0.60078125 0.35078125 0.60703125 0.31328125 0.61640625
0 0.37734375 0.68125 0.3921875 0.68984375 0.3875 0.69765625 0.37265625 0.6890625
0 0.4640625 0.63515625 0.471875 0.63515625 0.471875 0.6421875 0.4640625 0.6421875
0 0.49765625 0.61875 0.50703125 0.61875 0.50703125 0.634375 0.49765625 0.634375
0 0.375 0.59296875 0.3859375 0.59296875 0.3859375 0.59765625 0.375 0.59765625
0 0.0 0.946875 0.0109375 0.946875 0.0109375 0.9546875 0.0 0.9546875
0 0.14765625 0.8453125 0.16875 0.85625 0.16640625 0.8609375 0.1453125 0.85
0 0.10859375 0.91171875 0.12734375 0.91171875 0.12734375 0.9234375 0.10859375 0.9234375
0 0.13203125 0.91171875 0.14921875 0.90078125 0.15234375 0.90546875 0.134375 0.91640625
0 0.15546875 0.94375 0.1734375 0.9328125 0.1765625 0.9375 0.15859375 0.9484375
0 0.27421875 0.92578125 0.28515625 0.92578125 0.28515625 0.9421875 0.27421875 0.9421875
0 0.3640625 0.9515625 0.3765625 0.9515625 0.3765625 0.959375 0.3640625 0.959375
0 0.41953125 0.9484375 0.45 0.9390625 0.4515625 0.9453125 0.42109375 0.95390625
0 0.63828125 0.625 0.6453125 0.625 0.6453125 0.6296875 0.63828125 0.6296875
0 0.646875 0.62421875 0.65390625 0.62421875 0.65390625 0.63046875 0.646875 0.63046875
0 0.6984375 0.55234375 0.709375 0.55234375 0.709375 0.5578125 0.6984375 0.5578125
0 0.76328125 0.57421875 0.77578125 0.57421875 0.77578125 0.58203125 0.76328125 0.58203125
0 0.65625 0.859375 0.66953125 0.859375 0.66953125 0.87734375 0.65625 0.87734375
0 0.65 0.8125 0.66796875 0.8125 0.66796875 0.81953125 0.65 0.81953125
0 0.66171875 0.82265625 0.6921875 0.8140625 0.69375 0.82109375 0.6640625 0.8296875
0 0.62265625 0.83046875 0.63515625 0.83046875 0.63515625 0.8359375 0.62265625 0.8359375
0 0.58046875 0.91484375 0.62578125 0.91484375 0.62578125 0.92734375 0.58046875 0.92734375
0 0.6296875 0.95859375 0.6515625 0.95859375 0.6515625 0.965625 0.6296875 0.965625
0 0.81171875 0.95703125 0.8421875 0.95078125 0.84375 0.95703125 0.81328125 0.9640625
0 0.84921875 0.8203125 0.87734375 0.81328125 0.87890625 0.81953125 0.85 0.8265625
0 0.95390625 0.80078125 0.975 0.7921875 0.978125 0.7984375 0.95625 0.80703125
0 0.94296875 0.7921875 0.9640625 0.78671875 0.965625 0.7921875 0.94453125 0.7984375
0 0.97109375 0.940625 0.9859375 0.940625 0.9859375 0.9515625 0.97109375 0.9515625
0 0.90703125 0.63984375 0.9171875 0.6453125 0.91484375 0.64921875 0.9046875 0.64375
3 0.52421875 0.6125 0.52734375 0.6125 0.52734375 0.6171875 0.52421875 0.6171875
3 0.25234375 0.91328125 0.25546875 0.91328125 0.25546875 0.91640625 0.25234375 0.91640625
3 0.59375 0.7984375 0.596875 0.7984375 0.596875 0.80234375 0.59375 0.80234375
3 0.12421875 0.37421875 0.13125 0.37421875 0.13125 0.38046875 0.12421875 0.38046875
