1 0.10546875 0.88203125 0.1203125 0.88203125 0.1203125 0.8984375 0.10546875 0.8984375
1 0.18671875 0.80703125 0.19609375 0.80234375 0.2046875 0.8203125 0.1953125 0.825
1 0.21171875 0.96875 0.21796875 0.96484375 0.22734375 0.97890625 0.22109375 0.9828125
1 0.0078125 0.9390625 0.01484375 0.93125 0.02734375 0.94375 0.01953125 0.95078125
3 0.6484375 0.92890625 0.65546875 0.92890625 0.65546875 0.9359375 0.6484375 0.9359375
1 0.29296875 0.51953125 0.315625 0.5 0.32265625 0.50859375 0.3 0.52734375
3 0.09296875 0.615625 0.10234375 0.615625 0.10234375 0.62421875 0.09296875 0.62421875
3 0.26953125 0.65625 0.27890625 0.65625 0.27890625 0.66953125 0.26953125 0.66953125
3 0.2625 0.6203125 0.26953125 0.6203125 0.26953125 0.628125 0.2625 0.628125
3 0.2921875 0.1078125 0.30390625 0.1078125 0.30390625 0.12109375 0.2921875 0.12109375
1 0.7359375 0.2125 0.75 0.2125 0.75 0.2203125 0.7359375 0.2203125
1 0.2328125 0.3296875 0.24140625 0.3296875 0.24140625 0.3421875 0.2328125 0.3421875
1 0.5078125 0.21015625 0.52109375 0.21015625 0.52109375 0.22109375 0.5078125 0.22109375
1 0.3953125 0.12734375 0.41953125 0.12734375 0.41953125 0.1359375 0.3953125 0.1359375
1 0.64296875 0.15390625 0.67109375 0.15390625 0.67109375 0.16484375 0.64296875 0.16484375
1 0.9875 0.26640625 0.9984375 0.26640625 0.9984375 0.284375 0.9875 0.284375
1 0.98828125 0.49453125 1.0 0.49453125 1.0 0.51484375 0.98828125 0.51484375
1 0.26640625 0.23984375 0.275 0.23984375 0.275 0.25625 0.26640625 0.25625
1 0.60703125 0.71328125 0.62578125 0.71328125 0.62578125 0.72265625 0.60703125 0.72265625
1 0.6984375 0.6390625 0.70546875 0.63515625 0.7140625 0.65234375 0.70703125 0.65625
1 0.73359375 0.65390625 0.7453125 0.65390625 0.7453125 0.6609375 0.73359375 0.6609375
1 0.94375 0.7703125 0.95 0.76484375 0.965625 0.78203125 0.959375 0.78828125
1 0.42734375 0.88359375 0.44609375 0.88359375 0.44609375 0.89296875 0.42734375 0.89296875
