2 0.50625 0.90234375 0.51875 0.90234375 0.51875 0.91640625 0.50625 0.91640625
2 0.98046875 0.33046875 0.99921875 0.33046875 0.99921875 0.340625 0.98046875 0.340625
2 0.90234375 0.1796875 0.93203125 0.1796875 0.93203125 0.196875 0.90234375 0.196875
2 0.890625 0.0375 0.903125 0.0375 0.903125 0.05546875 0.890625 0.05546875
2 0.79921875 0.1078125 0.80859375 0.1078125 0.80859375 0.12890625 0.79921875 0.12890625
2 0.8953125 0.08125 0.9015625 0.08671875 0.88984375 0.1 0.88359375 0.09453125
2 0.96875 0.41171875 0.98359375 0.4015625 0.9875 0.40703125 0.971875 0.41640625
2 0.95 0.49296875 0.9578125 0.48515625 0.97421875 0.50234375 0.96640625 0.509375
2 0.940625 0.43515625 0.94921875 0.43515625 0.94921875 0.45859375 0.940625 0.45859375
2 0.97578125 0.87734375 0.98515625 0.87734375 0.98515625 0.8859375 0.97578125 0.8859375
2 0.98828125 0.8671875 0.99921875 0.8671875 0.99921875 0.88125 0.98828125 0.88125
2 0.5953125 0.74140625 0.6078125 0.74140625 0.6078125 0.753125 0.5953125 0.753125
2 0.79765625 0.55 0.80859375 0.55625 0.80546875 0.56328125 0.79375 0.55703125
2 0.34453125 0.875 0.36171875 0.875 0.36171875 0.89140625 0.34453125 0.89140625
2 0.42578125 0.6703125 0.440625 0.66328125 0.44375 0.66953125 0.42890625 0.67734375
2 0.35859375 0.359375 0.365625 0.365625 0.35078125 0.38203125 0.34375 0.375
2 0.234375 0.5390625 0.24375 0.53359375 0.2578125 0.5578125 0.24765625 0.56328125
2 0.1875 0.96015625 0.20234375 0.96015625 0.20234375 0.97421875 0.1875 0.97421875
2 0.175 0.95546875 0.18515625 0.9609375 0.178125 0.97265625 0.16796875 0.9671875
2 0.18515625 0.1578125 0.1921875 0.16796875 0.1640625 0.18828125 0.15625 0.178125
2 0.115625 0.66640625 0.125 0.66015625 0.1359375 0.67734375 0.1265625 0.68359375
