3 0.28125 0.61328125 0.28671875 0.61328125 0.28671875 0.61875 0.28125 0.61875
0 0.96640625 0.82421875 0.97734375 0.82421875 0.97734375 0.8328125 0.96640625 0.8328125
0 0.97734375 0.77421875 0.9890625 0.77421875 0.9890625 0.78046875 0.97734375 0.78046875
0 0.853125 0.8265625 0.875 0.81328125 0.87734375 0.81796875 0.85625 0.83125
0 0.91015625 0.79609375 0.9234375 0.79609375 0.9234375 0.80625 0.91015625 0.80625
0 0.88984375 0.8015625 0.9015625 0.79453125 0.903125 0.7984375 0.89140625 0.8046875
0 0.95625 0.878125 0.96796875 0.878125 0.96796875 0.884375 0.95625 0.884375
0 0.825 0.88515625 0.8453125 0.87734375 0.84765625 0.88203125 0.8265625 0.88984375
3 0.70234375 0.7765625 0.70703125 0.7765625 0.70703125 0.7828125 0.70234375 0.7828125
3 0.70234375 0.69453125 0.71015625 0.69453125 0.71015625 0.70625 0.70234375 0.70625
3 0.7671875 0.71796875 0.771875 0.71796875 0.771875 0.72265625 0.7671875 0.72265625
3 0.86953125 0.6640625 0.8734375 0.6640625 0.8734375 0.66796875 0.86953125 0.66796875
3 0.8109375 0.85546875 0.815625 0.85546875 0.815625 0.86171875 0.8109375 0.86171875
3 0.81484375 0.840625 0.81796875 0.840625 0.81796875 0.84453125 0.81484375 0.84453125
3 0.896875 0.825 0.90078125 0.825 0.90078125 0.82890625 0.896875 0.82890625
3 0.9421875 0.77265625 0.9453125 0.77265625 0.9453125 0.77578125 0.9421875 0.77578125
