3 0.68046875 0.725 0.68515625 0.725 0.68515625 0.7296875 0.68046875 0.7296875
3 0.95703125 0.38984375 0.96171875 0.38984375 0.96171875 0.39375 0.95703125 0.39375
3 0.76875 0.06171875 0.7734375 0.06171875 0.7734375 0.065625 0.76875 0.065625
3 0.7609375 0.06640625 0.76875 0.06640625 0.76875 0.07265625 0.7609375 0.07265625
3 0.72109375 0.74453125 0.725 0.74453125 0.725 0.74765625 0.72109375 0.74765625
3 0.71640625 0.75234375 0.7203125 0.75234375 0.7203125 0.75703125 0.71640625 0.75703125
3 0.7046875 0.73984375 0.70859375 0.73984375 0.70859375 0.74296875 0.7046875 0.74296875
3 0.71015625 0.72265625 0.71328125 0.72265625 0.71328125 0.72578125 0.71015625 0.72578125
3 0.6765625 0.7125 0.68203125 0.7125 0.68203125 0.71484375 0.6765625 0.71484375
0 0.24609375 0.99140625 0.290625 0.98359375 0.2921875 0.990625 0.24765625 0.9984375
0 0.4265625 0.92734375 0.46171875 0.91484375 0.46328125 0.9203125 0.428125 0.93203125
0 0.503125 0.96484375 0.5109375 0.96484375 0.5109375 0.9796875 0.503125 0.9796875
0 0.515625 0.96875 0.52578125 0.96875 0.52578125 0.98046875 0.515625 0.98046875
0 0.57265625 0.8796875 0.5890625 0.87421875 0.590625 0.8796875 0.575 0.8859375
0 0.621875 0.87109375 0.63125 0.87109375 0.63125 0.87578125 0.621875 0.87578125
0 0.596875 0.875 0.6046875 0.875 0.6046875 0.88046875 0.596875 0.88046875
0 0.68359375 0.89375 0.690625 0.89375 0.690625 0.90078125 0.68359375 0.90078125
0 0.89765625 0.85078125 0.915625 0.8390625 0.91796875 0.84296875 0.90078125 0.8546875
0 0.90625 0.784375 0.9265625 0.77890625 0.92890625 0.78515625 0.90859375 0.790625
3 0.69296875 0.7234375 0.70078125 0.7234375 0.70078125 0.73203125 0.69296875 0.73203125
