1 0.69453125 0.86953125 0.70703125 0.86953125 0.70703125 0.8765625 0.69453125 0.8765625
1 0.6703125 0.85546875 0.678125 0.85546875 0.678125 0.8640625 0.6703125 0.8640625
1 0.6859375 0.8421875 0.69921875 0.8375 0.7015625 0.84375 0.68828125 0.8484375
1 0.66171875 0.8515625 0.66640625 0.8515625 0.66640625 0.86171875 0.66171875 0.86171875
1 0.6984375 0.83671875 0.70859375 0.83203125 0.71171875 0.83828125 0.7015625 0.84296875
1 0.71328125 0.78984375 0.72265625 0.79453125 0.71171875 0.815625 0.7015625 0.8109375
1 0.67734375 0.75625 0.6859375 0.753125 0.69140625 0.7671875 0.6828125 0.7703125
1 0.75 0.76171875 0.75703125 0.76171875 0.75703125 0.77109375 0.75 0.77109375
1 0.8109375 0.7640625 0.81875 0.77109375 0.81171875 0.7796875 0.803125 0.77265625
1 0.83203125 0.7765625 0.84453125 0.7765625 0.84453125 0.7859375 0.83203125 0.7859375
1 0.82265625 0.66875 0.83984375 0.66875 0.83984375 0.68203125 0.82265625 0.68203125
1 0.83203125 0.6484375 0.84453125 0.6484375 0.84453125 0.66015625 0.83203125 0.66015625
1 0.79921875 0.62578125 0.8171875 0.62578125 0.8171875 0.63515625 0.79921875 0.63515625
1 0.909375 0.61875 0.93203125 0.61875 0.93203125 0.62734375 0.909375 0.62734375
1 0.9453125 0.6171875 0.95625 0.6171875 0.95625 0.6265625 0.9453125 0.6265625
1 0.9703125 0.61171875 0.975 0.61875 0.9640625 0.62578125 0.959375 0.61953125
1 0.5203125 0.56484375 0.5421875 0.56484375 0.5421875 0.57734375 0.5203125 0.57734375
1 0.43125 0.66640625 0.4484375 0.66640625 0.4484375 0.68203125 0.43125 0.68203125
1 0.58671875 0.68359375 0.60390625 0.69375 0.5984375 0.7015625 0.58203125 0.69140625
1 0.3890625 0.75078125 0.4296875 0.759375 0.428125 0.76640625 0.3875 0.7578125
1 0.321875 0.73671875 0.34453125 0.7421875 0.3421875 0.7515625 0.31953125 0.74609375
1 0.18828125 0.62734375 0.20390625 0.62734375 0.20390625 0.6359375 0.18828125 0.6359375
1 0.1671875 0.67265625 0.1984375 0.703125 0.19140625 0.71015625 0.1609375 0.6796875
1 0.02890625 0.6390625 0.04453125 0.6390625 0.04453125 0.65078125 0.02890625 0.65078125
1 0.09609375 0.6640625 0.10859375 0.6640625 0.10859375 0.6734375 0.09609375 0.6734375
1 0.2625 0.59609375 0.26953125 0.59609375 0.26953125 0.61015625 0.2625 0.61015625
1 0.29375 0.59609375 0.3078125 0.59609375 0.3078125 0.60859375 0.29375 0.60859375
1 0.24296875 0.5734375 0.2640625 0.5671875 0.2671875 0.578125 0.24609375 0.584375
1 0.3875 0.5625 0.4015625 0.553125 0.40546875 0.56015625 0.3921875 0.56875
1 0.4109375 0.51796875 0.421875 0.51796875 0.421875 0.53359375 0.4109375 0.53359375
1 0.33515625 0.5015625 0.365625 0.5015625 0.365625 0.51640625 0.33515625 0.51640625
1 0.31640625 0.465625 0.34921875 0.465625 0.34921875 0.478125 0.31640625 0.478125
1 0.1890625 0.4203125 0.2109375 0.4203125 0.2109375 0.43515625 0.1890625 0.43515625
1 0.01328125 0.425 0.0390625 0.425 0.0390625 0.434375 0.01328125 0.434375
1 0.00234375 0.45 0.01640625 0.45 0.01640625 0.4640625 0.00234375 0.4640625
1 0.0171875 0.40078125 0.05 0.40078125 0.05 0.4140625 0.0171875 0.4140625
1 0.05625 0.3453125 0.10703125 0.3453125 0.10703125 0.35625 0.05625 0.35625
1 0.003125 0.315625 0.040625 0.3140625 0.040625 0.3234375 0.00390625 0.325
1 0.09609375 0.29375 0.11640625 0.29375 0.11640625 0.30234375 0.09609375 0.30234375
1 0.1609375 0.30703125 0.171875 0.30703125 0.171875 0.315625 0.1609375 0.315625
1 0.025 0.24140625 0.03671875 0.24140625 0.03671875 0.259375 0.025 0.259375
1 0.04140625 0.21796875 0.078125 0.23125 0.07265625 0.24609375 0.0359375 0.23203125
1 0.0609375 0.21484375 0.090625 0.22421875 0.0875 0.2328125 0.0578125 0.2234375
1 0.259375 0.28359375 0.275 0.28359375 0.275 0.29296875 0.259375 0.29296875
1 0.29765625 0.3234375 0.31484375 0.31484375 0.32109375 0.32734375 0.30390625 0.3359375
1 0.3890625 0.42734375 0.4015625 0.42734375 0.4015625 0.4421875 0.3890625 0.4421875
1 0.40625 0.42578125 0.4171875 0.42578125 0.4171875 0.4375 0.40625 0.4375
1 0.4953125 0.334375 0.509375 0.334375 0.509375 0.34765625 0.4953125 0.34765625
1 0.5703125 0.33828125 0.58515625 0.33984375 0.5828125 0.35703125 0.56796875 0.35546875
1 0.5890625 0.33515625 0.5984375 0.33671875 0.59453125 0.35625 0.5859375 0.3546875
1 0.6140625 0.353125 0.64296875 0.353125 0.64296875 0.36640625 0.6140625 0.36640625
1 0.6203125 0.37890625 0.64765625 0.37890625 0.64765625 0.39140625 0.6203125 0.39140625
1 0.59140625 0.39296875 0.6046875 0.39296875 0.6046875 0.40625 0.59140625 0.40625
1 0.72265625 0.41875 0.73671875 0.41875 0.73671875 0.4265625 0.72265625 0.4265625
1 0.7640625 0.33515625 0.7796875 0.33515625 0.7796875 0.3453125 0.7640625 0.3453125
1 0.834375 0.365625 0.846875 0.36953125 0.840625 0.3875 0.82890625 0.384375
1 0.84375 0.37890625 0.859375 0.37890625 0.859375 0.38828125 0.84375 0.38828125
1 0.91015625 0.32890625 0.9375 0.32890625 0.9375 0.34765625 0.91015625 0.34765625
1 0.90390625 0.375 0.92265625 0.375 0.92265625 0.39296875 0.90390625 0.39296875
1 0.93046875 0.37734375 0.971875 0.37734375 0.971875 0.396875 0.93046875 0.396875
1 0.94375 0.3734375 0.9671875 0.35859375 0.971875 0.36640625 0.94921875 0.38125
1 0.834375 0.8546875 0.85 0.8546875 0.85 0.865625 0.834375 0.865625
3 0.80625 0.3515625 0.81015625 0.3515625 0.81015625 0.35859375 0.80625 0.35859375
3 0.41328125 0.63125 0.4203125 0.63125 0.4203125 0.6390625 0.41328125 0.6390625
3 0.38359375 0.37734375 0.38828125 0.37734375 0.38828125 0.38125 0.38359375 0.38125
