1 0.2375 0.859375 0.265625 0.846875 0.2703125 0.8578125 0.24296875 0.8703125
1 0.5359375 0.878125 0.54921875 0.878125 0.54921875 0.8953125 0.5359375 0.8953125
1 0.309375 0.771875 0.33828125 0.76171875 0.34140625 0.77109375 0.3125 0.78125
1 0.36171875 0.7671875 0.3796875 0.7578125 0.38359375 0.76484375 0.365625 0.77421875
1 0.0359375 0.9421875 0.040625 0.94765625 0.02578125 0.959375 0.021875 0.95390625
1 0.4625 0.7484375 0.48671875 0.73203125 0.4921875 0.73984375 0.46875 0.75625
1 0.434375 0.72421875 0.4453125 0.73828125 0.4265625 0.75390625 0.41484375 0.73984375
1 0.86953125 0.98046875 0.87421875 0.975 0.88828125 0.9859375 0.88359375 0.9921875
3 0.86875 0.41953125 0.871875 0.41953125 0.871875 0.42421875 0.86875 0.42421875
3 0.3171875 0.021875 0.325 0.021875 0.325 0.03203125 0.3171875 0.03203125
3 0.8953125 0.3625 0.90546875 0.3625 0.90546875 0.3703125 0.8953125 0.3703125
3 0.884375 0.06796875 0.88984375 0.06796875 0.88984375 0.07578125 0.884375 0.07578125
3 0.93671875 0.79375 0.94140625 0.79375 0.94140625 0.7984375 0.93671875 0.7984375
3 0.98359375 0.525 0.98671875 0.525 0.98671875 0.5296875 0.98359375 0.5296875
