3 0.009375 0.415625 0.01484375 0.415625 0.01484375 0.42109375 0.009375 0.42109375
3 0.0015625 0.41328125 0.00625 0.41328125 0.00625 0.41953125 0.0015625 0.41953125
3 0.36796875 0.1015625 0.3734375 0.1015625 0.3734375 0.1078125 0.36796875 0.1078125
3 0.68125 0.17265625 0.6859375 0.17265625 0.6859375 0.178125 0.68125 0.178125
3 0.8703125 0.396875 0.875 0.396875 0.875 0.40078125 0.8703125 0.40078125
3 0.97109375 0.33515625 0.97578125 0.33515625 0.97578125 0.3390625 0.97109375 0.3390625
3 0.84609375 0.3640625 0.84921875 0.3640625 0.84921875 0.3671875 0.84609375 0.3671875
3 0.84296875 0.390625 0.84609375 0.390625 0.84609375 0.39453125 0.84296875 0.39453125
3 0.83828125 0.3890625 0.84140625 0.3890625 0.84140625 0.39140625 0.83828125 0.39140625
3 0.8375 0.3859375 0.84296875 0.3859375 0.84296875 0.38828125 0.8375 0.38828125
3 0.85859375 0.40390625 0.86171875 0.40390625 0.86171875 0.40625 0.85859375 0.40625
3 0.86015625 0.4 0.86484375 0.4 0.86484375 0.40390625 0.86015625 0.40390625
3 0.83828125 0.35625 0.84296875 0.35625 0.84296875 0.36171875 0.83828125 0.36171875
3 0.83359375 0.353125 0.83828125 0.353125 0.83828125 0.35859375 0.83359375 0.35859375
3 0.83046875 0.35 0.83359375 0.35 0.83359375 0.35546875 0.83046875 0.35546875
3 0.84609375 0.3140625 0.84921875 0.3140625 0.84921875 0.3171875 0.84609375 0.3171875
