1 0.5390625 0.09296875 0.56171875 0.09296875 0.56171875 0.10546875 0.5390625 0.10546875
1 0.63984375 0.03046875 0.65078125 0.03671875 0.6375 0.05859375 0.6265625 0.0515625
1 0.028125 0.028125 0.0421875 0.028125 0.0421875 0.0453125 0.028125 0.0453125
1 0.12578125 0.9515625 0.1390625 0.9515625 0.1390625 0.96171875 0.12578125 0.96171875
1 0.48515625 0.690625 0.5171875 0.690625 0.5171875 0.70703125 0.48515625 0.70703125
1 0.440625 0.62578125 0.45234375 0.63125 0.4421875 0.653125 0.43046875 0.64765625
1 0.81484375 0.525 0.82265625 0.51484375 0.84609375 0.53203125 0.83828125 0.54296875
1 0.4078125 0.44765625 0.41875 0.4375 0.43671875 0.45703125 0.425 0.4671875
1 0.39453125 0.35 0.41171875 0.35 0.41171875 0.35859375 0.39453125 0.35859375
1 0.203125 0.484375 0.21328125 0.4765625 0.23203125 0.49921875 0.221875 0.50703125
1 0.2609375 0.55546875 0.30078125 0.5671875 0.296875 0.5796875 0.25703125 0.56796875
1 0.1375 0.59296875 0.14921875 0.58125 0.17109375 0.60390625 0.15859375 0.615625
1 0.98984375 0.98828125 1.0 0.98828125 1.0 1.0 0.98984375 1.0
1 0.10546875 0.52109375 0.11953125 0.52109375 0.11953125 0.53203125 0.10546875 0.53203125
1 0.1609375 0.478125 0.1890625 0.4890625 0.184375 0.50078125 0.15625 0.490625
