2 0.50625 0.61875 0.528125 0.615625 0.5296875 0.62578125 0.5078125 0.6296875
2 0.04921875 0.8125 0.07109375 0.8140625 0.0703125 0.8234375 0.04765625 0.82109375
2 0.634375 0.9796875 0.646875 0.9796875 0.646875 1.0 0.634375 1.0
2 0.8765625 0.55078125 0.90234375 0.540625 0.90625 0.54921875 0.8796875 0.56015625
2 0.121875 0.15 0.1328125 0.14296875 0.1359375 0.146875 0.125 0.15390625
2 0.1421875 0.13125 0.16015625 0.13125 0.16015625 0.14296875 0.1421875 0.14296875
2 0.08046875 0.1546875 0.10625 0.14453125 0.109375 0.15390625 0.084375 0.1640625
2 0.03046875 0.14453125 0.0578125 0.14453125 0.0578125 0.15546875 0.03046875 0.15546875
2 0.1046875 0.07109375 0.11875 0.065625 0.121875 0.07421875 0.1078125 0.0796875
2 0.08359375 0.06328125 0.10703125 0.06328125 0.10703125 0.071875 0.08359375 0.071875
2 0.25546875 0.16640625 0.271875 0.16640625 0.271875 0.1765625 0.25546875 0.1765625
