2 0.96640625 0.9203125 0.97265625 0.9125 1.003125 0.93828125 0.996875 0.94609375
2 0.3859375 0.3984375 0.39609375 0.3890625 0.4125 0.40703125 0.4015625 0.41640625
2 0.728125 0.9609375 0.73359375 0.9515625 0.76796875 0.9703125 0.7625 0.9796875
2 0.6703125 0.62734375 0.66328125 0.63671875 0.64140625 0.61875 0.6484375 0.609375
2 0.94921875 0.8609375 0.94296875 0.86875 0.92109375 0.85078125 0.928125 0.84296875
2 0.540625 0.859375 0.55703125 0.859375 0.55703125 0.87421875 0.540625 0.87421875
2 0.91484375 0.909375 0.9171875 0.90546875 0.9296875 0.9125 0.9265625 0.9171875
2 0.603125 0.8625 0.6078125 0.8546875 0.63671875 0.87421875 0.63203125 0.88125
2 0.68671875 0.8875 0.71015625 0.8875 0.71015625 0.8984375 0.68671875 0.8984375
2 0.046875 0.371875 0.05859375 0.371875 0.05859375 0.38359375 0.046875 0.38359375
2 0.08671875 0.10703125 0.0953125 0.10390625 0.103125 0.1265625 0.09375 0.1296875
2 0.453125 0.4484375 0.46953125 0.4484375 0.46953125 0.46875 0.453125 0.46875
2 0.24296875 0.5203125 0.253125 0.5203125 0.253125 0.53125 0.24296875 0.53125
2 0.11640625 0.371875 0.13359375 0.371875 0.13359375 0.38671875 0.11640625 0.38671875
2 0.91640625 0.8375 0.91015625 0.8453125 0.8859375 0.8265625 0.8921875 0.81875
2 0.0671875 0.02109375 0.08125 0.00546875 0.11484375 0.0359375 0.1 0.05078125
2 0.1109375 0.046875 0.1234375 0.03515625 0.153125 0.06640625 0.140625 0.078125
2 0.134375 0.165625 0.14140625 0.15859375 0.15859375 0.17890625 0.1515625 0.18515625
2 0.115625 0.15234375 0.1203125 0.1484375 0.134375 0.1640625 0.1296875 0.16796875
2 0.16015625 0.2140625 0.1734375 0.2078125 0.18828125 0.23984375 0.175 0.24609375
2 0.3078125 0.34921875 0.31640625 0.34140625 0.33671875 0.36328125 0.32890625 0.3703125
2 0.3390625 0.33359375 0.3453125 0.328125 0.36640625 0.34765625 0.36015625 0.35390625
2 0.29765625 0.28671875 0.30234375 0.28203125 0.321875 0.30390625 0.31640625 0.30859375
2 0.28828125 0.52890625 0.3015625 0.52890625 0.3015625 0.540625 0.28828125 0.540625
2 0.3484375 0.3203125 0.33984375 0.33046875 0.32265625 0.315625 0.33125 0.30546875
2 0.38359375 0.38828125 0.375 0.4015625 0.34453125 0.3828125 0.353125 0.36953125
2 0.4109375 0.440625 0.41953125 0.43359375 0.44140625 0.4609375 0.4328125 0.46796875
2 0.44921875 0.45 0.440625 0.45703125 0.421875 0.43359375 0.43046875 0.4265625
2 0.496875 0.496875 0.503125 0.4890625 0.53359375 0.5140625 0.5265625 0.521875
2 0.55625 0.55078125 0.56484375 0.540625 0.59609375 0.56640625 0.5875 0.5765625
2 0.625 0.58984375 0.61875 0.59765625 0.59921875 0.58203125 0.60546875 0.57421875
2 0.365625 0.5734375 0.359375 0.57890625 0.34296875 0.559375 0.34921875 0.55390625
2 0.00546875 0.4 0.01171875 0.3921875 0.028125 0.40625 0.021875 0.4140625
2 0.14453125 0.440625 0.1546875 0.43203125 0.17421875 0.45390625 0.1640625 0.46328125
2 0.34453125 0.7359375 0.3515625 0.72734375 0.37578125 0.7453125 0.36875 0.7546875
2 0.39609375 0.759375 0.40234375 0.753125 0.4203125 0.76953125 0.4140625 0.77578125
2 0.45703125 0.76484375 0.47265625 0.76484375 0.47265625 0.78125 0.45703125 0.78125
2 0.8 0.76484375 0.80546875 0.759375 0.82109375 0.77421875 0.81640625 0.77890625
2 0.803125 0.8359375 0.809375 0.8296875 0.82578125 0.8453125 0.81953125 0.8515625
2 0.93046875 0.91484375 0.94140625 0.91484375 0.94140625 0.92578125 0.93046875 0.92578125
2 0.85390625 0.7796875 0.8640625 0.7734375 0.878125 0.79609375 0.86796875 0.80234375
2 0.89296875 0.8109375 0.8859375 0.81875 0.8703125 0.8046875 0.87734375 0.796875
2 0.92890625 0.82890625 0.92421875 0.8359375 0.88984375 0.81171875 0.89453125 0.8046875
