1 0.53046875 0.68828125 0.5453125 0.68671875 0.54765625 0.70390625 0.5328125 0.70546875
1 0.05078125 0.62890625 0.065625 0.62890625 0.065625 0.63984375 0.05078125 0.63984375
1 0.33046875 0.63046875 0.33828125 0.63046875 0.33828125 0.63984375 0.33046875 0.63984375
1 0.5421875 0.95078125 0.55390625 0.95078125 0.55390625 0.971875 0.5421875 0.971875
1 0.696875 0.85078125 0.709375 0.8390625 0.728125 0.86015625 0.71484375 0.87109375
1 0.725 0.871875 0.73984375 0.871875 0.73984375 0.88515625 0.725 0.88515625
1 0.69296875 0.9140625 0.703125 0.90625 0.71328125 0.92109375 0.703125 0.92890625
1 0.70546875 0.93359375 0.7234375 0.93359375 0.7234375 0.94765625 0.70546875 0.94765625
1 0.66640625 0.95234375 0.68125 0.95234375 0.68125 0.965625 0.66640625 0.965625
1 0.82109375 0.7859375 0.86171875 0.778125 0.8640625 0.78984375 0.8234375 0.79765625
1 0.0109375 0.9125 0.02734375 0.9125 0.02734375 0.9265625 0.0109375 0.9265625
1 0.15078125 0.83671875 0.1578125 0.83671875 0.1578125 0.84765625 0.15078125 0.84765625
1 0.146875 0.8546875 0.15859375 0.85859375 0.15234375 0.87734375 0.140625 0.8734375
1 0.9296875 0.95234375 0.9625 0.96015625 0.96171875 0.96484375 0.92890625 0.95703125
3 0.5515625 0.534375 0.55859375 0.534375 0.55859375 0.540625 0.5515625 0.540625
3 0.4015625 0.50625 0.40625 0.50625 0.40625 0.51015625 0.4015625 0.51015625
1 0.434375 0.5171875 0.471875 0.5234375 0.46953125 0.53515625 0.43203125 0.52890625
1 0.9890625 0.51875 0.9984375 0.51953125 0.99765625 0.53515625 0.98828125 0.534375
3 0.7140625 0.51875 0.71953125 0.51875 0.71953125 0.5265625 0.7140625 0.5265625
1 0.71171875 0.5265625 0.74609375 0.51484375 0.75 0.52578125 0.715625 0.53828125
