0 0.3421875 0.86953125 0.35625 0.87578125 0.35 0.8890625 0.33671875 0.8828125
3 0.659375 0.028125 0.66328125 0.028125 0.66328125 0.03046875 0.659375 0.03046875
3 0.29140625 0.26796875 0.3015625 0.26796875 0.3015625 0.27890625 0.29140625 0.27890625
3 0.2921875 0.48125 0.29609375 0.48125 0.29609375 0.4875 0.2921875 0.4875
3 0.5828125 0.47265625 0.60390625 0.47265625 0.60390625 0.4828125 0.5828125 0.4828125
0 0.56484375 0.68203125 0.57421875 0.6890625 0.56171875 0.70625 0.55234375 0.69921875
0 0.33203125 0.86484375 0.353125 0.86484375 0.353125 0.8703125 0.33203125 0.8703125
0 0.4890625 0.7 0.50390625 0.7015625 0.503125 0.70703125 0.48828125 0.70546875
3 0.8890625 0.75 0.89140625 0.75 0.89140625 0.7546875 0.8890625 0.7546875
0 0.19375 0.87890625 0.22265625 0.875 0.2234375 0.88125 0.19453125 0.88515625
