3 0.61875 0.89453125 0.625 0.89453125 0.625 0.9 0.61875 0.9
0 0.07578125 0.1921875 0.10390625 0.18515625 0.10546875 0.18984375 0.07734375 0.196875
0 0.11015625 0.4078125 0.12421875 0.4078125 0.12421875 0.4140625 0.11015625 0.4140625
0 0.1828125 0.39375 0.190625 0.39375 0.190625 0.40234375 0.1828125 0.40234375
0 0.19296875 0.39453125 0.1984375 0.390625 0.20625 0.39921875 0.20078125 0.40390625
0 0.2015625 0.39296875 0.2046875 0.38984375 0.21015625 0.3953125 0.20703125 0.3984375
0 0.2625 0.384375 0.26796875 0.3875 0.2578125 0.40234375 0.253125 0.39921875
0 0.20390625 0.50390625 0.225 0.496875 0.2265625 0.50078125 0.20546875 0.5078125
0 0.16171875 0.509375 0.18671875 0.509375 0.18671875 0.51640625 0.16171875 0.51640625
0 0.03046875 0.54921875 0.0671875 0.540625 0.06875 0.5484375 0.03203125 0.55703125
0 0.12421875 0.565625 0.15078125 0.55078125 0.153125 0.5546875 0.1265625 0.56953125
0 0.25390625 0.49140625 0.27890625 0.4859375 0.2796875 0.490625 0.25546875 0.496875
0 0.70859375 0.4375 0.7265625 0.446875 0.7234375 0.45390625 0.7046875 0.44453125
0 0.67890625 0.4515625 0.69453125 0.4515625 0.69453125 0.46171875 0.67890625 0.46171875
0 0.646875 0.42421875 0.665625 0.41875 0.6671875 0.42578125 0.6484375 0.43125
0 0.48828125 0.42265625 0.5125 0.41328125 0.5140625 0.41796875 0.490625 0.42734375
0 0.54296875 0.26171875 0.54609375 0.259375 0.5515625 0.265625 0.5484375 0.26875
0 0.55546875 0.2140625 0.5578125 0.21171875 0.565625 0.2203125 0.56328125 0.22265625
0 0.68359375 0.15703125 0.6984375 0.15703125 0.6984375 0.16328125 0.68359375 0.16328125
0 0.65859375 0.15703125 0.67578125 0.15703125 0.67578125 0.16171875 0.65859375 0.16171875
0 0.73671875 0.14921875 0.76640625 0.14921875 0.76640625 0.15390625 0.73671875 0.15390625
0 0.71796875 0.1546875 0.73203125 0.15078125 0.73359375 0.15390625 0.71875 0.15859375
0 0.9375 0.4109375 0.9515625 0.4109375 0.9515625 0.42109375 0.9375 0.42109375
0 0.9890625 0.39765625 1.0 0.39765625 1.0 0.40390625 0.9890625 0.40390625
0 0.82265625 0.29375 0.828125 0.29375 0.828125 0.3046875 0.82265625 0.3046875
0 0.81328125 0.14609375 0.8296875 0.1359375 0.83203125 0.1390625 0.815625 0.14921875
0 0.41015625 0.1390625 0.440625 0.13203125 0.44140625 0.13671875 0.4109375 0.14375
0 0.35625 0.14765625 0.36640625 0.1390625 0.36953125 0.14296875 0.359375 0.1515625
0 0.29453125 0.15078125 0.30546875 0.15078125 0.30546875 0.1546875 0.29453125 0.1546875
0 0.33515625 0.1890625 0.3515625 0.1890625 0.3515625 0.1953125 0.33515625 0.1953125
0 0.36796875 0.146875 0.38671875 0.146875 0.38671875 0.15078125 0.36796875 0.15078125
0 0.39453125 0.2 0.4109375 0.2 0.4109375 0.20859375 0.39453125 0.20859375
0 0.5421875 0.17265625 0.5671875 0.17265625 0.5671875 0.18125 0.5421875 0.18125
0 0.59609375 0.17109375 0.61328125 0.17109375 0.61328125 0.18359375 0.59609375 0.18359375
0 0.13671875 0.1125 0.1625 0.10546875 0.1640625 0.11171875 0.13828125 0.11875
0 0.14921875 0.1765625 0.184375 0.16328125 0.1875 0.17109375 0.15234375 0.184375
0 0.1703125 0.1421875 0.1953125 0.13125 0.1984375 0.13828125 0.1734375 0.14921875
0 0.22421875 0.1890625 0.24140625 0.20234375 0.234375 0.2125 0.21640625 0.19921875
0 0.2328125 0.18515625 0.259375 0.18515625 0.259375 0.1984375 0.2328125 0.1984375
0 0.5203125 0.4625 0.53828125 0.4625 0.53828125 0.471875 0.5203125 0.471875
0 0.84296875 0.30703125 0.85078125 0.30703125 0.85078125 0.31875 0.84296875 0.31875
0 0.87265625 0.30546875 0.88125 0.30546875 0.88125 0.31640625 0.87265625 0.31640625
3 0.0125 0.25078125 0.01796875 0.25078125 0.01796875 0.25703125 0.0125 0.25703125
3 0.02265625 0.25703125 0.0265625 0.25703125 0.0265625 0.26171875 0.02265625 0.26171875
3 0.0078125 0.30234375 0.0125 0.30234375 0.0125 0.30703125 0.0078125 0.30703125
3 0.190625 0.28046875 0.19765625 0.28046875 0.19765625 0.28671875 0.190625 0.28671875
3 0.2046875 0.290625 0.209375 0.290625 0.209375 0.296875 0.2046875 0.296875
3 0.32734375 0.16484375 0.33046875 0.16484375 0.33046875 0.16796875 0.32734375 0.16796875
0 0.26796875 0.41328125 0.29296875 0.39609375 0.29921875 0.4046875 0.27421875 0.421875
0 0.2625 0.1609375 0.271875 0.1609375 0.271875 0.1703125 0.2625 0.1703125
