2 0.80546875 0.02578125 0.8203125 0.02578125 0.8203125 0.053125 0.80546875 0.053125
2 0.6203125 0.0890625 0.634375 0.0890625 0.634375 0.11171875 0.6203125 0.11171875
2 0.93671875 0.35078125 0.94921875 0.35078125 0.94921875 0.3796875 0.93671875 0.3796875
2 0.96171875 0.33125 0.97734375 0.33125 0.97734375 0.36171875 0.96171875 0.36171875
2 0.9421875 0.20390625 0.95546875 0.20390625 0.95546875 0.22578125 0.9421875 0.22578125
2 0.95859375 0.196875 0.9765625 0.196875 0.9765625 0.22265625 0.95859375 0.22265625
2 0.8546875 0.13203125 0.8671875 0.13203125 0.8671875 0.153125 0.8546875 0.153125
2 0.8234375 0.19921875 0.84765625 0.19921875 0.84765625 0.228125 0.8234375 0.228125
2 0.9234375 0.08203125 0.9390625 0.06875 0.9640625 0.09765625 0.94921875 0.1109375
2 0.98515625 0.171875 0.971875 0.17734375 0.946875 0.1140625 0.96015625 0.10859375
2 0.984375 0.27578125 0.996875 0.27578125 0.996875 0.32578125 0.984375 0.32578125
