2 0.815625 0.2 0.82734375 0.2 0.82734375 0.22265625 0.815625 0.22265625
2 0.97890625 0.73203125 0.984375 0.7265625 0.99453125 0.73828125 0.9890625 0.74296875
2 0.8390625 0.62734375 0.85 0.62734375 0.85 0.640625 0.8390625 0.640625
2 0.8328125 0.62109375 0.8390625 0.62109375 0.8390625 0.63046875 0.8328125 0.63046875
2 0.85390625 0.66875 0.86484375 0.6609375 0.88125 0.68515625 0.8703125 0.6921875
2 0.87734375 0.51796875 0.8953125 0.51796875 0.8953125 0.53515625 0.87734375 0.53515625
2 0.80234375 0.4328125 0.81953125 0.4328125 0.81953125 0.4484375 0.80234375 0.4484375
2 0.80078125 0.2234375 0.8125 0.2234375 0.8125 0.23515625 0.80078125 0.23515625
2 0.82578125 0.25625 0.84296875 0.25625 0.84296875 0.28046875 0.82578125 0.28046875
2 0.6375 0.0484375 0.646875 0.0484375 0.646875 0.0734375 0.6375 0.0734375
2 0.50625 0.09296875 0.5140625 0.0859375 0.54453125 0.1203125 0.5359375 0.12734375
2 0.59140625 0.1390625 0.60078125 0.13046875 0.62109375 0.1546875 0.61171875 0.1625
2 0.68203125 0.16875 0.6984375 0.16875 0.6984375 0.18515625 0.68203125 0.18515625
2 0.7140625 0.13671875 0.7265625 0.13671875 0.7265625 0.1515625 0.7140625 0.1515625
2 0.75234375 0.2171875 0.7703125 0.2171875 0.7703125 0.234375 0.75234375 0.234375
2 0.77734375 0.1859375 0.78984375 0.1859375 0.78984375 0.19765625 0.77734375 0.19765625
2 0.62265625 0.0859375 0.634375 0.0859375 0.634375 0.0984375 0.62265625 0.0984375
2 0.70234375 0.26953125 0.71015625 0.27734375 0.69453125 0.29453125 0.68671875 0.2875
2 0.7140625 0.37265625 0.7234375 0.36953125 0.73203125 0.403125 0.72265625 0.40546875
2 0.721875 0.40703125 0.73828125 0.40703125 0.73828125 0.428125 0.721875 0.428125
2 0.77109375 0.40625 0.7921875 0.40625 0.7921875 0.4265625 0.77109375 0.4265625
2 0.74765625 0.4546875 0.74140625 0.4578125 0.73125 0.43828125 0.7375 0.434375
2 0.7453125 0.4421875 0.75546875 0.4421875 0.75546875 0.45234375 0.7453125 0.45234375
2 0.7546875 0.4703125 0.77734375 0.4703125 0.77734375 0.4828125 0.7546875 0.4828125
2 0.79453125 0.5828125 0.81015625 0.5828125 0.81015625 0.60390625 0.79453125 0.60390625
2 0.9296875 0.58359375 0.94375 0.58359375 0.94375 0.603125 0.9296875 0.603125
2 0.87890625 0.71328125 0.890625 0.71328125 0.890625 0.72734375 0.87890625 0.72734375
2 0.878125 0.73203125 0.89453125 0.73203125 0.89453125 0.74140625 0.878125 0.74140625
2 0.8828125 0.74296875 0.903125 0.74296875 0.903125 0.77578125 0.8828125 0.77578125
2 0.9390625 0.384375 0.95234375 0.3796875 0.9625 0.40859375 0.94921875 0.41328125
2 0.8609375 0.33046875 0.89453125 0.33046875 0.89453125 0.33984375 0.8609375 0.33984375
2 0.8609375 0.340625 0.90546875 0.35390625 0.9015625 0.36875 0.85625 0.35625
2 0.6984375 0.30703125 0.70625 0.30390625 0.7125 0.32421875 0.7046875 0.3265625
2 0.7203125 0.2859375 0.7359375 0.2953125 0.72890625 0.30625 0.71328125 0.296875
2 0.734375 0.2796875 0.74609375 0.2859375 0.7421875 0.2921875 0.73046875 0.2859375
2 0.74609375 0.2875 0.7625 0.2875 0.7625 0.296875 0.74609375 0.296875
2 0.86171875 0.2109375 0.8734375 0.2109375 0.8734375 0.22734375 0.86171875 0.22734375
2 0.80234375 0.4109375 0.81484375 0.4109375 0.81484375 0.42109375 0.80234375 0.42109375
2 0.90859375 0.8515625 0.91875 0.846875 0.93515625 0.8828125 0.92578125 0.8875
2 0.97265625 0.9484375 0.98046875 0.94453125 0.98671875 0.95546875 0.97890625 0.96015625
2 0.97890625 0.978125 0.984375 0.975 0.9953125 0.99140625 0.98984375 0.9953125
2 0.57109375 0.0 0.59140625 0.0 0.59140625 0.01796875 0.57109375 0.01796875
