1 0.6 0.0859375 0.60859375 0.0859375 0.60859375 0.1 0.6 0.1
1 0.6546875 0.0890625 0.66875 0.0921875 0.6640625 0.1171875 0.65 0.1140625
1 0.6421875 0.1890625 0.65 0.1859375 0.65625 0.2015625 0.6484375 0.2046875
1 0.4640625 0.1453125 0.47578125 0.1453125 0.475 0.18203125 0.4625 0.18203125
1 0.6953125 0.0609375 0.71171875 0.0609375 0.71171875 0.06875 0.6953125 0.06875
1 0.71875 0.06484375 0.7421875 0.07421875 0.73984375 0.0796875 0.7171875 0.0703125
1 0.740625 0.30078125 0.75390625 0.30078125 0.75390625 0.31171875 0.740625 0.31171875
1 0.025 0.5890625 0.03359375 0.5921875 0.02578125 0.61640625 0.01640625 0.61328125
1 0.1 0.8140625 0.1078125 0.8140625 0.1078125 0.821875 0.1 0.821875
1 0.52265625 0.78359375 0.54296875 0.78125 0.54375 0.78984375 0.5234375 0.7921875
1 0.34453125 0.5625 0.37265625 0.5625 0.37265625 0.5765625 0.34453125 0.5765625
1 0.4890625 0.5859375 0.5109375 0.59296875 0.5078125 0.603125 0.4859375 0.59609375
1 0.534375 0.578125 0.54375 0.578125 0.54375 0.5890625 0.534375 0.5890625
1 0.31171875 0.740625 0.3390625 0.734375 0.34140625 0.74140625 0.31328125 0.74765625
1 0.396875 0.8046875 0.42421875 0.809375 0.42265625 0.8203125 0.39453125 0.81484375
1 0.40703125 0.9203125 0.44765625 0.93046875 0.44609375 0.93828125 0.40546875 0.928125
1 0.83828125 0.53984375 0.85078125 0.54296875 0.84609375 0.5640625 0.83359375 0.5609375
3 0.07109375 0.04140625 0.078125 0.04140625 0.078125 0.046875 0.07109375 0.046875
3 0.0828125 0.01953125 0.08828125 0.01953125 0.08828125 0.0234375 0.0828125 0.0234375
3 0.084375 0.03515625 0.08984375 0.03515625 0.08984375 0.040625 0.084375 0.040625
3 0.18203125 0.21796875 0.19140625 0.21796875 0.19140625 0.22578125 0.18203125 0.22578125
1 0.925 0.22578125 0.92890625 0.221875 0.9625 0.25 0.95859375 0.25390625
1 0.303125 0.42734375 0.3265625 0.42734375 0.3265625 0.43828125 0.303125 0.43828125
1 0.259375 0.26796875 0.2703125 0.26796875 0.2703125 0.2734375 0.259375 0.2734375
1 0.59453125 0.7875 0.62421875 0.7875 0.62421875 0.7953125 0.59453125 0.7953125
3 0.10703125 0.0375 0.11171875 0.0375 0.11171875 0.0421875 0.10703125 0.0421875
