3 0.16640625 0.89765625 0.171875 0.89765625 0.171875 0.90390625 0.16640625 0.90390625
3 0.5453125 0.7203125 0.55 0.7203125 0.55 0.72578125 0.5453125 0.72578125
3 0.628125 0.23046875 0.634375 0.23046875 0.634375 0.23671875 0.628125 0.23671875
3 0.3890625 0.0203125 0.3921875 0.0203125 0.3921875 0.0234375 0.3890625 0.0234375
3 0.72109375 0.0375 0.7234375 0.0375 0.7234375 0.03984375 0.72109375 0.03984375
0 0.47265625 0.88515625 0.4796875 0.89140625 0.46484375 0.90859375 0.45703125 0.90234375
0 0.32890625 0.58828125 0.35234375 0.58828125 0.35234375 0.59765625 0.32890625 0.59765625
0 0.4703125 0.63984375 0.496875 0.63984375 0.496875 0.653125 0.4703125 0.653125
0 0.8078125 0.85546875 0.81484375 0.859375 0.80625 0.87421875 0.79921875 0.8703125
0 0.740625 0.7515625 0.7453125 0.75625 0.7265625 0.77109375 0.72265625 0.765625
0 0.60546875 0.34609375 0.63359375 0.33203125 0.6375 0.340625 0.609375 0.3546875
0 0.60390625 0.31328125 0.62109375 0.3 0.63359375 0.315625 0.61640625 0.32890625
0 0.28984375 0.89296875 0.296875 0.9 0.271875 0.9265625 0.26484375 0.91953125
0 0.3359375 0.871875 0.34609375 0.87109375 0.34765625 0.88828125 0.3375 0.8890625
0 0.725 0.90859375 0.73984375 0.89765625 0.74765625 0.9078125 0.73203125 0.91875
0 0.23203125 0.11015625 0.23828125 0.10859375 0.24140625 0.12265625 0.23515625 0.12421875
