0 0.07421875 0.6515625 0.09140625 0.66015625 0.08984375 0.6640625 0.071875 0.65546875
3 0.9078125 0.89609375 0.915625 0.89609375 0.915625 0.90234375 0.9078125 0.90234375
0 0.0859375 0.84375 0.10078125 0.85078125 0.09765625 0.85703125 0.0828125 0.85
0 0.1140625 0.846875 0.12421875 0.8359375 0.12734375 0.83828125 0.11640625 0.84921875
0 0.10078125 0.84375 0.109375 0.83671875 0.1125 0.83984375 0.10390625 0.84765625
0 0.0453125 0.65234375 0.05546875 0.65234375 0.05546875 0.659375 0.0453125 0.659375
0 0.2171875 0.7359375 0.24140625 0.7359375 0.24140625 0.74765625 0.2171875 0.74765625
0 0.31640625 0.73125 0.3484375 0.73125 0.3484375 0.7421875 0.31640625 0.7421875
0 0.36328125 0.83203125 0.37421875 0.83203125 0.37421875 0.8515625 0.36328125 0.8515625
0 0.62578125 0.82109375 0.646875 0.82578125 0.64609375 0.8296875 0.625 0.825
0 0.678125 0.86328125 0.69140625 0.871875 0.6890625 0.8765625 0.675 0.86796875
0 0.86640625 0.91171875 0.88203125 0.91171875 0.88203125 0.9203125 0.86640625 0.9203125
0 0.325 0.8828125 0.34453125 0.87578125 0.3484375 0.8859375 0.32890625 0.89296875
0 0.3171875 0.81484375 0.32265625 0.81484375 0.32265625 0.8265625 0.3171875 0.8265625
0 0.09140625 0.7046875 0.1015625 0.7046875 0.1015625 0.7140625 0.09140625 0.7140625
0 0.1125 0.70859375 0.12890625 0.70859375 0.12890625 0.71640625 0.1125 0.71640625
