1 0.18203125 0.365625 0.2046875 0.346875 0.2125 0.35703125 0.18984375 0.375
1 0.109375 0.42734375 0.11953125 0.4390625 0.10078125 0.45625 0.08984375 0.4453125
1 0.38046875 0.88828125 0.39609375 0.88828125 0.39609375 0.9171875 0.38046875 0.9171875
1 0.2015625 0.9625 0.23671875 0.9625 0.23671875 0.990625 0.2015625 0.990625
1 0.090625 0.9015625 0.11328125 0.9015625 0.11328125 0.915625 0.090625 0.915625
1 0.1515625 0.8984375 0.165625 0.8984375 0.165625 0.91015625 0.1515625 0.91015625
1 0.2046875 0.8328125 0.228125 0.8328125 0.228125 0.8484375 0.2046875 0.8484375
1 0.03828125 0.865625 0.05625 0.865625 0.05625 0.878125 0.03828125 0.878125
1 0.10703125 0.78515625 0.115625 0.77109375 0.146875 0.790625 0.13828125 0.8046875
1 0.08125 0.7703125 0.10234375 0.7703125 0.10234375 0.78359375 0.08125 0.78359375
1 0.071875 0.75390625 0.075 0.746875 0.09296875 0.7546875 0.0890625 0.76171875
1 0.08828125 0.74765625 0.12265625 0.74765625 0.12265625 0.75703125 0.08828125 0.75703125
1 0.1125 0.73984375 0.1328125 0.74609375 0.13125 0.75390625 0.11015625 0.746875
1 0.1421875 0.75390625 0.15703125 0.75390625 0.15703125 0.76171875 0.1421875 0.76171875
1 0.5609375 0.88984375 0.5875 0.88984375 0.5875 0.9015625 0.5609375 0.9015625
1 0.48125 0.825 0.50078125 0.825 0.50078125 0.8421875 0.48125 0.8421875
1 0.38359375 0.81171875 0.3953125 0.81171875 0.3953125 0.8234375 0.38359375 0.8234375
1 0.55078125 0.7875 0.58828125 0.7875 0.58828125 0.8 0.55078125 0.8
1 0.19765625 0.7453125 0.2296875 0.7453125 0.2296875 0.76328125 0.19765625 0.76328125
1 0.3625 0.6546875 0.384375 0.6546875 0.384375 0.6734375 0.3625 0.6734375
1 0.39921875 0.678125 0.41953125 0.6875 0.40859375 0.71171875 0.38828125 0.70234375
1 0.40859375 0.70546875 0.42265625 0.70546875 0.42265625 0.71875 0.40859375 0.71875
1 0.44140625 0.69375 0.45625 0.69375 0.45625 0.7140625 0.44140625 0.7140625
1 0.45546875 0.6734375 0.4765625 0.6609375 0.48203125 0.66953125 0.4609375 0.68203125
1 0.43984375 0.66953125 0.45859375 0.66953125 0.45859375 0.68125 0.43984375 0.68125
1 0.49296875 0.67890625 0.52578125 0.67890625 0.52578125 0.68984375 0.49296875 0.68984375
1 0.53125 0.67109375 0.5546875 0.68203125 0.55 0.69140625 0.5265625 0.68125
1 0.6640625 0.6546875 0.7046875 0.6546875 0.7046875 0.66640625 0.6640625 0.66640625
1 0.60859375 0.64921875 0.63359375 0.64921875 0.63359375 0.65859375 0.60859375 0.65859375
1 0.5453125 0.6921875 0.56171875 0.6921875 0.56171875 0.70078125 0.5453125 0.70078125
1 0.61640625 0.72578125 0.628125 0.72578125 0.628125 0.740625 0.61640625 0.740625
1 0.8859375 0.8953125 0.91640625 0.9046875 0.9140625 0.9140625 0.8828125 0.9046875
1 0.93046875 0.77890625 0.95078125 0.79140625 0.9453125 0.79921875 0.92578125 0.7859375
1 0.746875 0.64296875 0.7796875 0.66171875 0.7765625 0.6671875 0.74375 0.6484375
1 0.76796875 0.64375 0.79296875 0.64375 0.79296875 0.6546875 0.76796875 0.6546875
1 0.8046875 0.6421875 0.83984375 0.66171875 0.8359375 0.66953125 0.80078125 0.64921875
1 0.815625 0.67109375 0.8375 0.67109375 0.8375 0.684375 0.815625 0.684375
1 0.79453125 0.66328125 0.815625 0.66328125 0.815625 0.675 0.79453125 0.675
1 0.78203125 0.6546875 0.8015625 0.6546875 0.8015625 0.665625 0.78203125 0.665625
1 0.86953125 0.65078125 0.8859375 0.65078125 0.8859375 0.6640625 0.86953125 0.6640625
1 0.96875 0.721875 0.99921875 0.73671875 0.9953125 0.7453125 0.96484375 0.7296875
1 0.8265625 0.7375 0.85390625 0.7375 0.85390625 0.753125 0.8265625 0.753125
1 0.82734375 0.725 0.8515625 0.725 0.8515625 0.7375 0.82734375 0.7375
1 0.83359375 0.7109375 0.84765625 0.7109375 0.84765625 0.72421875 0.83359375 0.72421875
1 0.8109375 0.68125 0.85390625 0.6953125 0.85 0.70625 0.8078125 0.6921875
1 0.86640625 0.68515625 0.88515625 0.68515625 0.88515625 0.71171875 0.86640625 0.71171875
1 0.8421875 0.675 0.8609375 0.675 0.8609375 0.690625 0.8421875 0.690625
1 0.7984375 0.75390625 0.81875 0.75390625 0.81875 0.77421875 0.7984375 0.77421875
1 0.81953125 0.76015625 0.83828125 0.76015625 0.83828125 0.78046875 0.81953125 0.78046875
1 0.87265625 0.5546875 0.9015625 0.5546875 0.9015625 0.565625 0.87265625 0.565625
1 0.9171875 0.559375 0.94765625 0.559375 0.94765625 0.5765625 0.9171875 0.5765625
1 0.9859375 0.63046875 1.0 0.63046875 1.0 0.64140625 0.9859375 0.64140625
1 0.6265625 0.59453125 0.6359375 0.59453125 0.6359375 0.6046875 0.6265625 0.6046875
1 0.640625 0.59453125 0.65234375 0.59453125 0.65234375 0.6046875 0.640625 0.6046875
1 0.69921875 0.6109375 0.715625 0.61953125 0.7125 0.6265625 0.69609375 0.6171875
1 0.56796875 0.58671875 0.5765625 0.58671875 0.5765625 0.5953125 0.56796875 0.5953125
1 0.5828125 0.54609375 0.596875 0.53828125 0.61171875 0.5640625 0.5984375 0.571875
1 0.50390625 0.559375 0.52578125 0.55078125 0.528125 0.5578125 0.50625 0.565625
1 0.4828125 0.5578125 0.51328125 0.55 0.51484375 0.55546875 0.484375 0.56328125
1 0.69375 0.5546875 0.70625 0.5546875 0.70625 0.56015625 0.69375 0.56015625
1 0.7609375 0.4375 0.7796875 0.4375 0.7796875 0.44765625 0.7609375 0.44765625
1 0.7734375 0.459375 0.8015625 0.459375 0.8015625 0.48359375 0.7734375 0.48359375
1 0.809375 0.47109375 0.825 0.47109375 0.825 0.48046875 0.809375 0.48046875
1 0.8109375 0.42734375 0.840625 0.41953125 0.84375 0.43203125 0.8140625 0.4390625
1 0.71484375 0.37421875 0.75625 0.37578125 0.75546875 0.39765625 0.7140625 0.3953125
1 0.66953125 0.428125 0.7 0.428125 0.7 0.4390625 0.66953125 0.4390625
1 0.40859375 0.53359375 0.41953125 0.5390625 0.41015625 0.559375 0.3984375 0.553125
1 0.53359375 0.47421875 0.5609375 0.47421875 0.5609375 0.4859375 0.53359375 0.4859375
1 0.3953125 0.4265625 0.4390625 0.41328125 0.44375 0.42890625 0.4 0.4421875
1 0.31484375 0.44609375 0.33203125 0.44609375 0.33203125 0.4609375 0.31484375 0.4609375
1 0.26328125 0.4890625 0.27734375 0.4734375 0.28671875 0.48125 0.271875 0.496875
1 0.15078125 0.48125 0.165625 0.48125 0.165625 0.490625 0.15078125 0.490625
1 0.34140625 0.35078125 0.38125 0.340625 0.3828125 0.34609375 0.34296875 0.35625
1 0.45546875 0.4484375 0.475 0.4484375 0.475 0.45625 0.45546875 0.45625
1 0.5421875 0.3578125 0.55703125 0.3578125 0.55703125 0.36796875 0.5421875 0.36796875
1 0.55 0.33984375 0.5640625 0.33984375 0.5640625 0.353125 0.55 0.353125
1 0.559375 0.33359375 0.575 0.33359375 0.575 0.34453125 0.559375 0.34453125
1 0.51640625 0.38515625 0.56953125 0.36171875 0.575 0.37421875 0.52265625 0.39765625
1 0.57734375 0.37265625 0.59296875 0.38671875 0.58671875 0.39296875 0.57109375 0.37890625
3 0.74609375 0.81875 0.74921875 0.81875 0.74921875 0.82265625 0.74609375 0.82265625
3 0.7453125 0.81171875 0.75078125 0.81171875 0.75078125 0.8171875 0.7453125 0.8171875
3 0.48125 0.325 0.4890625 0.325 0.4890625 0.33203125 0.48125 0.33203125
3 0.37109375 0.27265625 0.37734375 0.27265625 0.37734375 0.2765625 0.37109375 0.2765625
3 0.37421875 0.26875 0.378125 0.26875 0.378125 0.27265625 0.37421875 0.27265625
3 0.24375 0.34296875 0.2515625 0.34296875 0.2515625 0.35 0.24375 0.35
3 0.16953125 0.3390625 0.184375 0.3390625 0.184375 0.34296875 0.16953125 0.34296875
3 0.64609375 0.63828125 0.6515625 0.63828125 0.6515625 0.6453125 0.64609375 0.6453125
3 0.2421875 0.365625 0.2453125 0.365625 0.2453125 0.36953125 0.2421875 0.36953125
3 0.1953125 0.40390625 0.20078125 0.40390625 0.20078125 0.40859375 0.1953125 0.40859375
3 0.43359375 0.4265625 0.43984375 0.4265625 0.43984375 0.43125 0.43359375 0.43125
3 0.58984375 0.33984375 0.59375 0.33984375 0.59375 0.34296875 0.58984375 0.34296875
3 0.8765625 0.46953125 0.88359375 0.46953125 0.88359375 0.475 0.8765625 0.475
3 0.88359375 0.46796875 0.88828125 0.46796875 0.88828125 0.471875 0.88359375 0.471875
3 0.1578125 0.83046875 0.1671875 0.83046875 0.1671875 0.83671875 0.1578125 0.83671875
