2 0.69296875 0.08515625 0.7015625 0.07734375 0.73125 0.10859375 0.72265625 0.1171875
2 0.53125 0.14453125 0.540625 0.1375 0.5609375 0.16953125 0.5515625 0.17578125
2 0.75 0.13671875 0.77109375 0.13671875 0.77109375 0.1609375 0.75 0.1609375
2 0.59296875 0.05 0.603125 0.0421875 0.62734375 0.0734375 0.6171875 0.08125
2 0.78828125 0.1796875 0.79765625 0.17109375 0.82421875 0.2015625 0.81484375 0.21015625
2 0.7921875 0.240625 0.8 0.234375 0.82265625 0.26328125 0.8140625 0.2703125
2 0.7328125 0.34296875 0.740625 0.3359375 0.7671875 0.365625 0.759375 0.37265625
2 0.8125 0.31484375 0.83203125 0.31484375 0.83203125 0.33828125 0.8125 0.33828125
2 0.83046875 0.275 0.83984375 0.26640625 0.890625 0.31953125 0.88125 0.328125
2 0.7875 0.41796875 0.79296875 0.4125 0.81640625 0.43515625 0.8109375 0.440625
2 0.77890625 0.378125 0.784375 0.3703125 0.80703125 0.38828125 0.8015625 0.3953125
2 0.90546875 0.44609375 0.91640625 0.44609375 0.91640625 0.4703125 0.90546875 0.4703125
2 0.9140625 0.4765625 0.92421875 0.4765625 0.92421875 0.49296875 0.9140625 0.49296875
2 0.92265625 0.37890625 0.93125 0.371875 0.95234375 0.4 0.94375 0.40625
2 0.9328125 0.5171875 0.94453125 0.5171875 0.94453125 0.53828125 0.9328125 0.53828125
2 0.85625 0.5140625 0.86171875 0.509375 0.87421875 0.528125 0.86796875 0.53203125
2 0.33515625 0.18984375 0.35 0.19453125 0.34375 0.21640625 0.32890625 0.21171875
2 0.37734375 0.24765625 0.3828125 0.2421875 0.409375 0.27109375 0.40390625 0.2765625
2 0.65390625 0.4765625 0.65 0.48203125 0.63359375 0.46953125 0.6375 0.4640625
2 0.63125 0.48359375 0.6375 0.47734375 0.653125 0.49375 0.646875 0.49921875
2 0.97109375 0.4109375 0.9796875 0.39921875 1.0046875 0.41640625 0.99609375 0.42890625
2 0.9375 0.74375 0.94765625 0.74375 0.94765625 0.753125 0.9375 0.753125
2 0.94765625 0.7546875 0.9640625 0.7546875 0.9640625 0.76328125 0.94765625 0.76328125
2 0.83984375 0.67578125 0.8453125 0.6703125 0.86875 0.6953125 0.86328125 0.7
2 0.796875 0.6328125 0.8109375 0.6328125 0.8109375 0.64375 0.796875 0.64375
2 0.46640625 0.5015625 0.48125 0.5015625 0.48125 0.51171875 0.46640625 0.51171875
2 0.59453125 0.5484375 0.609375 0.5484375 0.609375 0.559375 0.59453125 0.559375
2 0.6578125 0.1546875 0.66640625 0.1546875 0.66640625 0.16953125 0.6578125 0.16953125
2 0.66171875 0.5796875 0.66953125 0.5734375 0.68828125 0.5984375 0.68046875 0.60390625
2 0.66875 0.60546875 0.70234375 0.60546875 0.70234375 0.6171875 0.66875 0.6171875
3 0.328125 0.446875 0.33984375 0.4390625 0.353125 0.45859375 0.34140625 0.46640625
2 0.9046875 0.73359375 0.91015625 0.725 0.92890625 0.73671875 0.9234375 0.7453125
2 0.84609375 0.53515625 0.85078125 0.52890625 0.86328125 0.53828125 0.8578125 0.54453125
2 0.621875 0.01484375 0.63359375 0.00625 0.659375 0.0375 0.64765625 0.046875
2 0.41953125 0.034375 0.43125 0.02109375 0.46484375 0.0515625 0.453125 0.06484375
2 0.53203125 0.05703125 0.54375 0.05703125 0.54375 0.075 0.53203125 0.075
2 0.49375 0.0671875 0.503125 0.05859375 0.5203125 0.07890625 0.5109375 0.0875
