1 0.4890625 0.9640625 0.50390625 0.9640625 0.50390625 0.98125 0.4890625 0.98125
1 0.53984375 0.94609375 0.55 0.9390625 0.56328125 0.9578125 0.55234375 0.96484375
1 0.57265625 0.94140625 0.5859375 0.94140625 0.5859375 0.95703125 0.57265625 0.95703125
1 0.6046875 0.93984375 0.6109375 0.946875 0.5984375 0.9578125 0.5921875 0.95078125
1 0.62421875 0.95703125 0.63125 0.95703125 0.63125 0.97109375 0.62421875 0.97109375
1 0.5953125 0.9859375 0.6109375 0.9859375 0.6109375 1.0 0.5953125 1.0
1 0.4953125 0.89453125 0.509375 0.90078125 0.5 0.92109375 0.48515625 0.91484375
1 0.51015625 0.88046875 0.5203125 0.8859375 0.5125 0.90078125 0.50234375 0.89453125
1 0.47421875 0.915625 0.48671875 0.91796875 0.4828125 0.93984375 0.46953125 0.93671875
1 0.42265625 0.915625 0.44296875 0.915625 0.44296875 0.928125 0.42265625 0.928125
1 0.3609375 0.9359375 0.37421875 0.9359375 0.37421875 0.94609375 0.3609375 0.94609375
1 0.35 0.9125 0.37578125 0.9125 0.37578125 0.928125 0.35 0.928125
1 0.30625 0.94609375 0.33046875 0.94609375 0.33046875 0.9640625 0.30625 0.9640625
1 0.33515625 0.97421875 0.3484375 0.97421875 0.3484375 0.99609375 0.33515625 0.99609375
1 0.3609375 0.9859375 0.40703125 0.9859375 0.40703125 0.996875 0.3609375 0.996875
1 0.39765625 0.9734375 0.42265625 0.9734375 0.42265625 0.98515625 0.39765625 0.98515625
1 0.25234375 0.93203125 0.25859375 0.9265625 0.26875 0.9390625 0.2625 0.94453125
1 0.26484375 0.93359375 0.27109375 0.92578125 0.2859375 0.93828125 0.27890625 0.94609375
1 0.27421875 0.946875 0.2984375 0.95078125 0.296875 0.96015625 0.27265625 0.95625
1 0.27109375 0.95625 0.2953125 0.96484375 0.2921875 0.97265625 0.26875 0.9640625
1 0.28359375 0.975 0.29453125 0.975 0.29453125 0.98359375 0.28359375 0.98359375
1 0.25546875 0.90234375 0.2734375 0.90234375 0.2734375 0.9203125 0.25546875 0.9203125
1 0.21640625 0.8875 0.24140625 0.89609375 0.23828125 0.90546875 0.21328125 0.896875
1 0.15625 0.86328125 0.16796875 0.86328125 0.16796875 0.8734375 0.15625 0.8734375
1 0.14609375 0.9390625 0.1765625 0.9375 0.17734375 0.95234375 0.14765625 0.95390625
1 0.1546875 0.9578125 0.165625 0.9546875 0.16875 0.965625 0.1578125 0.96875
1 0.1625 0.96875 0.175 0.96875 0.175 0.97578125 0.1625 0.97578125
1 0.1796875 0.959375 0.19609375 0.959375 0.19609375 0.96953125 0.1796875 0.96953125
1 0.1796875 0.978125 0.1875 0.978125 0.1875 0.98515625 0.1796875 0.98515625
1 0.221875 0.9828125 0.23046875 0.96953125 0.24453125 0.97890625 0.2359375 0.9921875
1 0.20625 0.97890625 0.2328125 0.99296875 0.22734375 1.00390625 0.20078125 0.98984375
1 0.13203125 0.95234375 0.1578125 0.975 0.15234375 0.98125 0.1265625 0.95859375
1 0.11796875 0.95390625 0.14375 0.9765625 0.13515625 0.9859375 0.109375 0.96328125
1 0.1078125 0.97265625 0.1359375 0.99375 0.12890625 1.003125 0.10078125 0.98203125
1 0.05703125 0.9484375 0.08359375 0.96484375 0.07734375 0.97421875 0.05078125 0.9578125
1 0.08046875 0.93125 0.1125 0.95234375 0.1046875 0.96484375 0.071875 0.94375
1 0.0546875 0.92734375 0.078125 0.94375 0.07109375 0.95390625 0.04765625 0.9375
1 0.06875 0.90546875 0.0828125 0.90546875 0.0828125 0.9171875 0.06875 0.9171875
1 0.0625 0.89140625 0.07421875 0.89140625 0.07421875 0.9046875 0.0625 0.9046875
1 0.0421875 0.88515625 0.0578125 0.8953125 0.0484375 0.91015625 0.0328125 0.89921875
1 0.0515625 0.68046875 0.065625 0.68046875 0.065625 0.690625 0.0515625 0.690625
1 0.1203125 0.5953125 0.128125 0.5890625 0.1390625 0.603125 0.13125 0.609375
1 0.309375 0.653125 0.32578125 0.66171875 0.321875 0.6703125 0.30546875 0.66171875
1 0.42890625 0.62265625 0.4484375 0.60625 0.45625 0.615625 0.43671875 0.63203125
1 0.45859375 0.60625 0.46875 0.60625 0.46875 0.61953125 0.45859375 0.61953125
1 0.47578125 0.6078125 0.49921875 0.5984375 0.50390625 0.609375 0.48046875 0.61875
1 0.4765625 0.6421875 0.4859375 0.65078125 0.459375 0.67890625 0.45 0.6703125
1 0.78515625 0.8171875 0.796875 0.81796875 0.79296875 0.84921875 0.78125 0.84765625
1 0.91796875 0.76796875 0.92265625 0.77421875 0.9015625 0.7921875 0.89609375 0.78671875
1 0.8859375 0.8046875 0.89765625 0.8046875 0.89765625 0.81796875 0.8859375 0.81796875
1 0.86484375 0.84140625 0.8765625 0.84140625 0.8765625 0.853125 0.86484375 0.853125
1 0.8796875 0.73359375 0.88515625 0.7421875 0.86015625 0.759375 0.85390625 0.75
1 0.84296875 0.57578125 0.85546875 0.57578125 0.85546875 0.5890625 0.84296875 0.5890625
1 0.86015625 0.65546875 0.865625 0.65234375 0.8734375 0.66875 0.8671875 0.67109375
1 0.91328125 0.5140625 0.92109375 0.5140625 0.92109375 0.528125 0.91328125 0.528125
3 0.13046875 0.38125 0.1390625 0.38125 0.1390625 0.38671875 0.13046875 0.38671875
3 0.77890625 0.0140625 0.78515625 0.0140625 0.78515625 0.02109375 0.77890625 0.02109375
