2 0.2609375 0.98125 0.27421875 0.98125 0.27421875 1.0 0.2609375 1.0
2 0.06484375 0.90859375 0.07109375 0.9015625 0.0859375 0.9140625 0.08046875 0.92109375
2 0.0734375 0.8984375 0.08125 0.8890625 0.1015625 0.90703125 0.09375 0.91640625
2 0.015625 0.878125 0.03046875 0.878125 0.03046875 0.89375 0.015625 0.89375
2 0.01484375 0.86015625 0.02890625 0.84765625 0.0734375 0.89375 0.06015625 0.90703125
2 0.0 0.83125 0.01953125 0.83125 0.01953125 0.85 0.0 0.85
2 0.0546875 0.946875 0.0734375 0.946875 0.0734375 0.975 0.0546875 0.975
2 0.103125 0.9078125 0.14375 0.91953125 0.13984375 0.93359375 0.09921875 0.921875
2 0.1390625 0.93203125 0.1515625 0.93203125 0.1515625 0.94453125 0.1390625 0.94453125
2 0.21796875 0.96015625 0.23203125 0.96015625 0.23203125 0.9765625 0.21796875 0.9765625
