0 0.93984375 0.221875 0.94765625 0.215625 0.965625 0.23671875 0.9578125 0.24296875
0 0.0828125 0.05546875 0.1125 0.05546875 0.1125 0.06953125 0.0828125 0.06953125
0 0.21796875 0.34296875 0.25234375 0.353125 0.25 0.3625 0.215625 0.35234375
0 0.62734375 0.05859375 0.64609375 0.06796875 0.6421875 0.07578125 0.6234375 0.06640625
0 0.375 0.08828125 0.396875 0.084375 0.3984375 0.09140625 0.3765625 0.0953125
0 0.4484375 0.3625 0.4546875 0.3546875 0.471875 0.36875 0.46484375 0.3765625
0 0.1484375 0.8375 0.178125 0.8515625 0.17265625 0.86328125 0.14296875 0.84921875
0 0.48828125 0.78203125 0.525 0.78203125 0.525 0.7921875 0.48828125 0.7921875
0 0.5703125 0.79296875 0.58515625 0.79296875 0.58515625 0.8015625 0.5703125 0.8015625
0 0.6796875 0.87421875 0.71953125 0.87421875 0.71953125 0.88828125 0.6796875 0.88828125
0 0.36875 0.78203125 0.39140625 0.78203125 0.39140625 0.79921875 0.36875 0.79921875
