3 0.36875 0.0671875 0.37265625 0.0671875 0.37265625 0.0734375 0.36875 0.0734375
3 0.28203125 0.0828125 0.290625 0.0828125 0.290625 0.08828125 0.28203125 0.08828125
3 0.52734375 0.08828125 0.53125 0.08828125 0.53125 0.0921875 0.52734375 0.0921875
3 0.553125 0.08671875 0.55546875 0.08671875 0.55546875 0.090625 0.553125 0.090625
3 0.64609375 0.121875 0.65 0.121875 0.65 0.12578125 0.64609375 0.12578125
3 0.7171875 0.28671875 0.721875 0.28671875 0.721875 0.2921875 0.7171875 0.2921875
3 0.48984375 0.2484375 0.496875 0.2484375 0.496875 0.25546875 0.48984375 0.25546875
3 0.53515625 0.23125 0.53828125 0.23125 0.53828125 0.2359375 0.53515625 0.2359375
3 0.52109375 0.18671875 0.52734375 0.18671875 0.52734375 0.19296875 0.52109375 0.19296875
3 0.41953125 0.25625 0.42578125 0.25625 0.42578125 0.26171875 0.41953125 0.26171875
3 0.3046875 0.30546875 0.309375 0.30546875 0.309375 0.30859375 0.3046875 0.30859375
3 0.33125 0.20859375 0.3359375 0.20859375 0.3359375 0.2140625 0.33125 0.2140625
3 0.29296875 0.1703125 0.296875 0.17265625 0.29375 0.1796875 0.28984375 0.17734375
3 0.284375 0.1703125 0.28828125 0.1703125 0.28828125 0.1765625 0.284375 0.1765625
3 0.06875 0.27109375 0.0765625 0.27109375 0.0765625 0.2796875 0.06875 0.2796875
0 0.64921875 0.37890625 0.6578125 0.37890625 0.6578125 0.38671875 0.64921875 0.38671875
3 0.0828125 0.21328125 0.08828125 0.21328125 0.08828125 0.2171875 0.0828125 0.2171875
0 0.5171875 0.3625 0.53828125 0.3625 0.53828125 0.37109375 0.5171875 0.37109375
0 0.43125 0.48046875 0.4390625 0.47421875 0.45 0.4875 0.4421875 0.49375
0 0.734375 0.48515625 0.7421875 0.48515625 0.7421875 0.49375 0.734375 0.49375
0 0.065625 0.55078125 0.07734375 0.55078125 0.07734375 0.5609375 0.065625 0.5609375
0 0.07734375 0.515625 0.09296875 0.515625 0.09296875 0.53359375 0.07734375 0.53359375
0 0.096875 0.5234375 0.1078125 0.5234375 0.1078125 0.5328125 0.096875 0.5328125
0 0.06953125 0.72734375 0.096875 0.7140625 0.1015625 0.72265625 0.0734375 0.73671875
0 0.05859375 0.753125 0.09453125 0.7421875 0.09765625 0.7515625 0.0609375 0.7625
0 0.19375 0.6765625 0.21328125 0.665625 0.2171875 0.671875 0.19765625 0.68359375
0 0.253125 0.60078125 0.28671875 0.60546875 0.2859375 0.61015625 0.25234375 0.60546875
0 0.446875 0.55625 0.46171875 0.55625 0.46171875 0.5625 0.446875 0.5625
0 0.5078125 0.5390625 0.53359375 0.5390625 0.53359375 0.5484375 0.5078125 0.5484375
0 0.35234375 0.52734375 0.36328125 0.5375 0.359375 0.54140625 0.3484375 0.53125
0 0.32578125 0.50234375 0.34296875 0.50234375 0.34296875 0.51328125 0.32578125 0.51328125
0 0.3453125 0.48203125 0.36484375 0.48203125 0.36484375 0.49453125 0.3453125 0.49453125
0 0.29609375 0.4515625 0.30625 0.4515625 0.30625 0.4609375 0.29609375 0.4609375
0 0.23359375 0.43046875 0.2484375 0.43046875 0.2484375 0.43984375 0.23359375 0.43984375
0 0.15625 0.428125 0.17734375 0.428125 0.17734375 0.440625 0.15625 0.440625
0 0.21484375 0.40078125 0.26640625 0.40078125 0.26640625 0.41015625 0.21484375 0.41015625
0 0.20703125 0.4125 0.2359375 0.4125 0.2359375 0.41953125 0.20703125 0.41953125
0 0.0765625 0.64609375 0.0875 0.64609375 0.0875 0.6578125 0.0765625 0.6578125
0 0.1 0.27109375 0.11171875 0.265625 0.11484375 0.271875 0.10234375 0.27734375
0 0.11953125 0.25546875 0.13125 0.24375 0.13359375 0.246875 0.121875 0.25859375
0 0.11953125 0.22890625 0.1328125 0.22890625 0.1328125 0.2375 0.11953125 0.2375
0 0.153125 0.21953125 0.16328125 0.21953125 0.16328125 0.2265625 0.153125 0.2265625
0 0.146875 0.2109375 0.16328125 0.2109375 0.16328125 0.21796875 0.146875 0.21796875
0 0.21171875 0.3046875 0.22109375 0.3046875 0.22109375 0.315625 0.21171875 0.315625
0 0.290625 0.28984375 0.3140625 0.28984375 0.3140625 0.3 0.290625 0.3
0 0.2359375 0.259375 0.25546875 0.259375 0.25546875 0.26953125 0.2359375 0.26953125
0 0.24765625 0.20546875 0.259375 0.20546875 0.259375 0.21640625 0.24765625 0.21640625
0 0.31640625 0.1828125 0.32421875 0.1859375 0.315625 0.20546875 0.3078125 0.2015625
0 0.36171875 0.20859375 0.3734375 0.20859375 0.3734375 0.2203125 0.36171875 0.2203125
0 0.32421875 0.24140625 0.3328125 0.24140625 0.3328125 0.2515625 0.32421875 0.2515625
0 0.3421875 0.24609375 0.346875 0.25 0.33828125 0.2609375 0.3328125 0.25625
0 0.42890625 0.23203125 0.44609375 0.23515625 0.4453125 0.24140625 0.42734375 0.2375
0 0.44609375 0.240625 0.45703125 0.240625 0.45703125 0.24609375 0.44609375 0.24609375
0 0.46953125 0.24765625 0.4890625 0.25390625 0.4875 0.259375 0.46796875 0.253125
0 0.4859375 0.1859375 0.51484375 0.184375 0.51484375 0.18828125 0.4859375 0.18984375
0 0.48828125 0.18984375 0.49765625 0.18984375 0.49765625 0.1953125 0.48828125 0.1953125
0 0.50078125 0.1921875 0.51171875 0.1921875 0.51171875 0.20078125 0.50078125 0.20078125
0 0.50859375 0.2203125 0.515625 0.2171875 0.5203125 0.2296875 0.51328125 0.23203125
0 0.43359375 0.165625 0.44453125 0.165625 0.44453125 0.17421875 0.43359375 0.17421875
0 0.3609375 0.125 0.37421875 0.125 0.37421875 0.13046875 0.3609375 0.13046875
0 0.5625 0.10703125 0.57890625 0.10703125 0.57890625 0.121875 0.5625 0.121875
0 0.0421875 0.24609375 0.0515625 0.25546875 0.04609375 0.2609375 0.03671875 0.2515625
0 0.321875 0.20859375 0.32734375 0.21171875 0.321875 0.22109375 0.31640625 0.21796875
0 0.52890625 0.27265625 0.55 0.26171875 0.553125 0.2671875 0.53125 0.278125
0 0.49453125 0.2515625 0.52421875 0.24140625 0.52578125 0.24765625 0.496875 0.25703125
0 0.61640625 0.24921875 0.634375 0.25703125 0.63046875 0.265625 0.6125 0.2578125
0 0.765625 0.353125 0.7921875 0.353125 0.7921875 0.3609375 0.765625 0.3609375
0 0.93828125 0.3359375 0.9578125 0.32890625 0.96015625 0.33515625 0.93984375 0.3421875
0 0.6359375 0.6515625 0.6609375 0.64296875 0.6625 0.646875 0.6375 0.6546875
0 0.65703125 0.58671875 0.6875 0.58046875 0.6890625 0.58828125 0.65859375 0.59453125
0 0.62890625 0.66328125 0.64453125 0.65703125 0.646875 0.66328125 0.63125 0.66875
0 0.86875 0.54765625 0.9109375 0.5421875 0.9125 0.54921875 0.86953125 0.5546875
0 0.86875 0.41015625 0.88046875 0.41015625 0.88046875 0.41875 0.86875 0.41875
0 0.88828125 0.4 0.89765625 0.4 0.89765625 0.40703125 0.88828125 0.40703125
0 0.8640625 0.3890625 0.871875 0.3890625 0.871875 0.39453125 0.8640625 0.39453125
0 0.61640625 0.39921875 0.6578125 0.39921875 0.6578125 0.40703125 0.61640625 0.40703125
0 0.39140625 0.4015625 0.42890625 0.4015625 0.42890625 0.40703125 0.39140625 0.40703125
0 0.44921875 0.5125 0.4796875 0.51953125 0.478125 0.525 0.4484375 0.5171875
0 0.68046875 0.31015625 0.696875 0.31015625 0.696875 0.32109375 0.68046875 0.32109375
0 0.125 0.19140625 0.1640625 0.175 0.16640625 0.18203125 0.12734375 0.1984375
0 0.16328125 0.76640625 0.1921875 0.76640625 0.1921875 0.7734375 0.16328125 0.7734375
0 0.3890625 0.30625 0.409375 0.30625 0.409375 0.3140625 0.3890625 0.3140625
0 0.46796875 0.2875 0.48828125 0.2875 0.48828125 0.29765625 0.46796875 0.29765625
3 0.56640625 0.45703125 0.57265625 0.45703125 0.57265625 0.4625 0.56640625 0.4625
3 0.65625 0.478125 0.6625 0.478125 0.6625 0.48203125 0.65625 0.48203125
3 0.84609375 0.4609375 0.86015625 0.4609375 0.86015625 0.46953125 0.84609375 0.46953125
3 0.946875 0.47890625 0.9609375 0.47890625 0.9609375 0.48671875 0.946875 0.48671875
3 0.97421875 0.45390625 0.97890625 0.45390625 0.97890625 0.46015625 0.97421875 0.46015625
3 0.9046875 0.5234375 0.91328125 0.5234375 0.91328125 0.5296875 0.9046875 0.5296875
3 0.88125 0.521875 0.890625 0.521875 0.890625 0.525 0.88125 0.525
3 0.89453125 0.5234375 0.90390625 0.5234375 0.90390625 0.528125 0.89453125 0.528125
3 0.95078125 0.703125 0.95546875 0.703125 0.95546875 0.7078125 0.95078125 0.7078125
3 0.9515625 0.69453125 0.95390625 0.69453125 0.95390625 0.69765625 0.9515625 0.69765625
3 0.93984375 0.69765625 0.94296875 0.69765625 0.94296875 0.70078125 0.93984375 0.70078125
3 0.94140625 0.68828125 0.9453125 0.68828125 0.9453125 0.69140625 0.94140625 0.69140625
3 0.48046875 0.48203125 0.48828125 0.48203125 0.48828125 0.4875 0.48046875 0.4875
3 0.47734375 0.478125 0.48203125 0.478125 0.48203125 0.4859375 0.47734375 0.4859375
3 0.46171875 0.4875 0.46640625 0.4875 0.46640625 0.49453125 0.46171875 0.49453125
3 0.409375 0.48203125 0.41484375 0.48203125 0.41484375 0.48671875 0.409375 0.48671875
3 0.365625 0.490625 0.37265625 0.490625 0.37265625 0.49609375 0.365625 0.49609375
3 0.28828125 0.40234375 0.2984375 0.40234375 0.2984375 0.40859375 0.28828125 0.40859375
3 0.26015625 0.40234375 0.26328125 0.40234375 0.26328125 0.40546875 0.26015625 0.40546875
3 0.19609375 0.4625 0.20078125 0.4625 0.20078125 0.46796875 0.19609375 0.46796875
3 0.20703125 0.51484375 0.21015625 0.51328125 0.21328125 0.52109375 0.21015625 0.52265625
3 0.1125 0.51015625 0.11640625 0.51015625 0.11640625 0.515625 0.1125 0.515625
3 0.06015625 0.4875 0.06640625 0.4875 0.06640625 0.4921875 0.06015625 0.4921875
3 0.02578125 0.5296875 0.03203125 0.5296875 0.03203125 0.53515625 0.02578125 0.53515625
0 0.41640625 0.471875 0.42421875 0.471875 0.42421875 0.478125 0.41640625 0.478125
0 0.3046875 0.2578125 0.3125 0.25078125 0.31875 0.25859375 0.31015625 0.26484375
0 0.0984375 0.26328125 0.11328125 0.25703125 0.115625 0.2625 0.1 0.26875
0 0.70703125 0.40625 0.71484375 0.403125 0.7265625 0.43203125 0.71796875 0.43515625
0 0.76796875 0.3625 0.79453125 0.3625 0.79453125 0.3703125 0.76796875 0.3703125
0 0.84453125 0.34921875 0.878125 0.34921875 0.878125 0.36484375 0.84453125 0.36484375
3 0.00703125 0.821875 0.01640625 0.821875 0.01640625 0.828125 0.00703125 0.828125
3 0.096875 0.5640625 0.10078125 0.5640625 0.10078125 0.56796875 0.096875 0.56796875
3 0.35546875 0.04296875 0.35859375 0.04296875 0.35859375 0.04921875 0.35546875 0.04921875
3 0.35390625 0.05078125 0.35859375 0.05078125 0.35859375 0.05390625 0.35390625 0.05390625
3 0.3484375 0.05625 0.353125 0.05625 0.353125 0.06015625 0.3484375 0.06015625
3 0.375 0.07265625 0.37890625 0.07265625 0.37890625 0.07578125 0.375 0.07578125
