0 0.2359375 0.45234375 0.25078125 0.446875 0.25234375 0.4515625 0.2375 0.45703125
0 0.19765625 0.3875 0.2078125 0.3875 0.2078125 0.3953125 0.19765625 0.3953125
0 0.26796875 0.33984375 0.28125 0.33984375 0.28125 0.3453125 0.26796875 0.3453125
0 0.3546875 0.2921875 0.36484375 0.2921875 0.36484375 0.3 0.3546875 0.3
0 0.428125 0.31015625 0.43828125 0.31015625 0.43828125 0.31484375 0.428125 0.31484375
0 0.325 0.5671875 0.371875 0.5671875 0.371875 0.57734375 0.325 0.57734375
0 0.459375 0.490625 0.4796875 0.5015625 0.47578125 0.50859375 0.45546875 0.49765625
0 0.51875 0.3046875 0.53125 0.3046875 0.53125 0.3125 0.51875 0.3125
0 0.525 0.31953125 0.53828125 0.31953125 0.53828125 0.32578125 0.525 0.32578125
0 0.59765625 0.31640625 0.60546875 0.31640625 0.60546875 0.32578125 0.59765625 0.32578125
0 0.603125 0.32578125 0.61953125 0.32578125 0.61953125 0.33125 0.603125 0.33125
0 0.5484375 0.46875 0.59296875 0.46875 0.59296875 0.47734375 0.5484375 0.47734375
0 0.5625 0.45 0.59140625 0.45 0.59140625 0.4546875 0.5625 0.4546875
0 0.52734375 0.51640625 0.5359375 0.51640625 0.5359375 0.5234375 0.52734375 0.5234375
0 0.5734375 0.52578125 0.5890625 0.52578125 0.5890625 0.5328125 0.5734375 0.5328125
0 0.56796875 0.578125 0.603125 0.578125 0.603125 0.5875 0.56796875 0.5875
0 0.6140625 0.62734375 0.64453125 0.61640625 0.64765625 0.62578125 0.6171875 0.6359375
0 0.76484375 0.60078125 0.78671875 0.60078125 0.78671875 0.60546875 0.76484375 0.60546875
0 0.7234375 0.4296875 0.7390625 0.4296875 0.7390625 0.4375 0.7234375 0.4375
0 0.97734375 0.35625 0.99140625 0.35625 0.99140625 0.3703125 0.97734375 0.3703125
0 0.8890625 0.521875 0.90859375 0.521875 0.90859375 0.52734375 0.8890625 0.52734375
3 0.5140625 0.70625 0.51875 0.70625 0.51875 0.71171875 0.5140625 0.71171875
3 0.62265625 0.7015625 0.62578125 0.7015625 0.62578125 0.7046875 0.62265625 0.7046875
3 0.7 0.16640625 0.70625 0.16640625 0.70625 0.1734375 0.7 0.1734375
0 0.79609375 0.42890625 0.80546875 0.42890625 0.80546875 0.4359375 0.79609375 0.4359375
0 0.12578125 0.3875 0.14140625 0.3875 0.14140625 0.3953125 0.12578125 0.3953125
0 0.10859375 0.34140625 0.121875 0.34140625 0.121875 0.3546875 0.10859375 0.3546875
0 0.1421875 0.33828125 0.1578125 0.33828125 0.1578125 0.35234375 0.1421875 0.35234375
