3 0.16171875 0.32109375 0.1671875 0.32109375 0.1671875 0.32734375 0.16171875 0.32734375
3 0.2640625 0.2078125 0.26875 0.2078125 0.26875 0.2140625 0.2640625 0.2140625
0 0.140625 0.0 0.18125 0.0 0.18125 0.01015625 0.140625 0.01015625
0 0.76875 0.10625 0.7890625 0.11875 0.78515625 0.12421875 0.76484375 0.1125
0 0.8 0.01953125 0.809375 0.01953125 0.809375 0.0265625 0.8 0.0265625
0 0.79140625 0.01953125 0.79921875 0.01953125 0.79921875 0.02578125 0.79140625 0.02578125
0 0.79765625 0.1640625 0.82890625 0.1640625 0.82890625 0.17421875 0.79765625 0.17421875
0 0.96796875 0.0890625 0.975 0.0890625 0.975 0.09453125 0.96796875 0.09453125
0 0.6734375 0.1046875 0.68125 0.1046875 0.68125 0.1109375 0.6734375 0.1109375
0 0.7046875 0.09296875 0.7125 0.09296875 0.7125 0.096875 0.7046875 0.096875
