2 0.81953125 0.53203125 0.82578125 0.5328125 0.82265625 0.55 0.81640625 0.54921875
2 0.83046875 0.534375 0.83828125 0.534375 0.83828125 0.5578125 0.83046875 0.5578125
2 0.88203125 0.528125 0.8890625 0.528125 0.8890625 0.54296875 0.88203125 0.54296875
2 0.87578125 0.53671875 0.8828125 0.53828125 0.878125 0.5578125 0.87109375 0.55625
2 0.84296875 0.51875 0.85078125 0.52265625 0.84453125 0.53828125 0.8359375 0.53515625
2 0.85078125 0.51953125 0.86484375 0.51953125 0.86484375 0.528125 0.85078125 0.528125
2 0.9046875 0.46953125 0.9125 0.46953125 0.9125 0.50234375 0.9046875 0.50234375
2 0.81484375 0.55234375 0.8390625 0.55234375 0.8390625 0.58046875 0.81484375 0.58046875
2 0.859375 0.5578125 0.86875 0.54921875 0.87421875 0.55546875 0.8640625 0.5640625
2 0.95078125 0.61171875 0.971875 0.6015625 0.97578125 0.61015625 0.9546875 0.6203125
2 0.921875 0.6015625 0.93125 0.60703125 0.9203125 0.62734375 0.9109375 0.621875
2 0.034375 0.8984375 0.0265625 0.909375 -0.0015625 0.8875 0.00546875 0.87734375
2 0.028125 0.92109375 0.01875 0.934375 -0.00390625 0.91796875 0.0046875 0.9046875
2 0.1921875 0.91875 0.22890625 0.91875 0.22890625 0.94375 0.1921875 0.94375
2 0.4203125 0.68671875 0.43203125 0.68984375 0.41875 0.73125 0.40703125 0.728125
2 0.3609375 0.7890625 0.37265625 0.79453125 0.353125 0.8359375 0.3421875 0.83046875
2 0.48671875 0.6515625 0.496875 0.6515625 0.496875 0.6734375 0.48671875 0.6734375
2 0.478125 0.64921875 0.48828125 0.65390625 0.478125 0.6765625 0.46875 0.67265625
2 0.50234375 0.61640625 0.5109375 0.62109375 0.50234375 0.6375 0.49375 0.6328125
2 0.51640625 0.5828125 0.5265625 0.58515625 0.51796875 0.61953125 0.5078125 0.6171875
2 0.48203125 0.57265625 0.4890625 0.5765625 0.47578125 0.5984375 0.46953125 0.59453125
2 0.4859375 0.62890625 0.49296875 0.63359375 0.471875 0.665625 0.46484375 0.6609375
2 0.44765625 0.77421875 0.4671875 0.7609375 0.47421875 0.77109375 0.45390625 0.784375
2 0.48671875 0.82890625 0.49296875 0.83359375 0.4796875 0.85078125 0.4734375 0.8453125
2 0.53984375 0.7125 0.546875 0.7171875 0.5375 0.73203125 0.53046875 0.7265625
2 0.525 0.70859375 0.53125 0.71484375 0.5125 0.73203125 0.50703125 0.7265625
2 0.50625 0.50234375 0.5171875 0.50546875 0.50859375 0.53359375 0.49765625 0.53046875
2 0.54609375 0.53359375 0.55234375 0.5375 0.53984375 0.559375 0.5328125 0.55546875
2 0.55390625 0.509375 0.56015625 0.5125 0.5484375 0.5359375 0.5421875 0.5328125
2 0.575 0.51640625 0.58203125 0.51640625 0.58203125 0.53515625 0.575 0.53515625
2 0.6 0.453125 0.60625 0.45703125 0.6 0.46640625 0.59375 0.4625
2 0.60625 0.434375 0.6140625 0.434375 0.6140625 0.4453125 0.60625 0.4453125
2 0.59765625 0.4421875 0.60390625 0.446875 0.59375 0.46015625 0.5875 0.4546875
2 0.71328125 0.26953125 0.72109375 0.27578125 0.7078125 0.29140625 0.7 0.2859375
2 0.72890625 0.221875 0.734375 0.22578125 0.70546875 0.26171875 0.7 0.25703125
2 0.9234375 0.128125 0.95390625 0.11796875 0.95625 0.12578125 0.92578125 0.13515625
2 0.771875 0.1421875 0.778125 0.14765625 0.753125 0.1765625 0.746875 0.17109375
2 0.96171875 0.23203125 0.9671875 0.234375 0.9609375 0.246875 0.9546875 0.24375
2 0.06328125 0.91484375 0.06796875 0.9078125 0.0921875 0.9234375 0.08828125 0.93046875
2 0.65 0.58125 0.66015625 0.5875 0.646875 0.6109375 0.63671875 0.6046875
2 0.66796875 0.5390625 0.67578125 0.54453125 0.66171875 0.5625 0.6546875 0.55703125
2 0.709375 0.5875 0.71875 0.59375 0.709375 0.609375 0.7 0.603125
2 0.7640625 0.515625 0.77109375 0.51953125 0.746875 0.55859375 0.740625 0.5546875
2 0.684375 0.4609375 0.690625 0.46640625 0.675 0.4828125 0.66875 0.47734375
2 0.696875 0.46640625 0.7046875 0.475 0.69140625 0.48671875 0.68359375 0.47890625
2 0.75625 0.396875 0.76484375 0.40078125 0.753125 0.42578125 0.7453125 0.421875
2 0.79609375 0.73828125 0.81484375 0.73828125 0.81484375 0.7546875 0.79609375 0.7546875
2 0.784375 0.74609375 0.79765625 0.74609375 0.79765625 0.77578125 0.784375 0.77578125
2 0.88203125 0.76796875 0.89765625 0.765625 0.8984375 0.7734375 0.8828125 0.7765625
2 0.8640625 0.75078125 0.87265625 0.75078125 0.87265625 0.76796875 0.8640625 0.76796875
2 0.87421875 0.76328125 0.87890625 0.76484375 0.875 0.77734375 0.8703125 0.77578125
2 0.88046875 0.665625 0.890625 0.6578125 0.90859375 0.68046875 0.8984375 0.68828125
2 0.8828125 0.6359375 0.8921875 0.64375 0.8765625 0.6625 0.8671875 0.6546875
2 0.903125 0.640625 0.91484375 0.64375 0.90703125 0.66953125 0.89609375 0.66640625
2 0.9640625 0.54921875 0.98671875 0.5734375 0.97578125 0.584375 0.95234375 0.5609375
2 0.97578125 0.5203125 0.9875 0.5203125 0.9875 0.53828125 0.97578125 0.53828125
