0 0.25390625 0.078125 0.2703125 0.065625 0.2734375 0.06953125 0.2578125 0.08203125
0 0.23828125 0.05546875 0.25859375 0.05546875 0.25859375 0.0640625 0.23828125 0.0640625
0 0.440625 0.01328125 0.45546875 0.01328125 0.45546875 0.0265625 0.440625 0.0265625
0 0.496875 0.10078125 0.51328125 0.10078125 0.51328125 0.10859375 0.496875 0.10859375
0 0.353125 0.00390625 0.36640625 0.00390625 0.36640625 0.009375 0.353125 0.009375
0 0.69296875 0.003125 0.70078125 0.003125 0.70078125 0.015625 0.69296875 0.015625
0 0.71171875 0.03671875 0.728125 0.03671875 0.728125 0.04375 0.71171875 0.04375
0 0.64140625 0.14140625 0.6578125 0.146875 0.65703125 0.15 0.640625 0.14453125
0 0.79375 0.05078125 0.80859375 0.05390625 0.8078125 0.0578125 0.79296875 0.0546875
0 0.79296875 0.05703125 0.80703125 0.05703125 0.80703125 0.0640625 0.79296875 0.0640625
0 0.9765625 0.11171875 0.996875 0.115625 0.9953125 0.1203125 0.97578125 0.11640625
0 0.503125 0.14609375 0.5390625 0.14609375 0.5390625 0.1578125 0.503125 0.1578125
