0 0.03671875 0.4640625 0.05703125 0.4640625 0.05703125 0.47421875 0.03671875 0.47421875
0 0.025 0.7375 0.05859375 0.7171875 0.0625 0.72421875 0.02890625 0.74453125
0 0.16640625 0.55625 0.17734375 0.5578125 0.1734375 0.584375 0.1625 0.58203125
0 0.02109375 0.5140625 0.05703125 0.5140625 0.05703125 0.52265625 0.02109375 0.52265625
0 0.04140625 0.49921875 0.06328125 0.49921875 0.06328125 0.51171875 0.04140625 0.51171875
0 0.1703125 0.48671875 0.2078125 0.46171875 0.21328125 0.4703125 0.17578125 0.49453125
0 0.30078125 0.440625 0.30625 0.44375 0.29765625 0.459375 0.2921875 0.45625
0 0.27890625 0.44140625 0.29765625 0.44140625 0.29765625 0.44765625 0.27890625 0.44765625
0 0.259375 0.434375 0.27890625 0.434375 0.27890625 0.44375 0.259375 0.44375
0 0.23828125 0.428125 0.2515625 0.43515625 0.234375 0.4703125 0.2203125 0.46328125
0 0.22265625 0.43125 0.2359375 0.43125 0.2359375 0.440625 0.22265625 0.440625
0 0.23046875 0.371875 0.2421875 0.371875 0.2421875 0.38515625 0.23046875 0.38515625
0 0.2140625 0.34609375 0.22265625 0.34609375 0.22265625 0.3578125 0.2140625 0.3578125
0 0.2203125 0.3953125 0.24296875 0.3953125 0.24296875 0.40546875 0.2203125 0.40546875
0 0.14765625 0.34921875 0.15390625 0.34921875 0.15390625 0.35859375 0.14765625 0.35859375
0 0.06015625 0.553125 0.0765625 0.553125 0.0765625 0.56640625 0.06015625 0.56640625
0 0.31796875 0.70390625 0.33125 0.70390625 0.33125 0.715625 0.31796875 0.715625
0 0.38203125 0.70078125 0.3953125 0.70078125 0.3953125 0.71484375 0.38203125 0.71484375
0 0.30625 0.5671875 0.31875 0.5671875 0.31875 0.584375 0.30625 0.584375
0 0.4234375 0.61171875 0.43984375 0.6015625 0.44609375 0.6109375 0.4296875 0.62109375
0 0.653125 0.47109375 0.69921875 0.43671875 0.70546875 0.44453125 0.659375 0.4796875
0 0.66171875 0.41328125 0.6859375 0.4015625 0.6890625 0.40859375 0.665625 0.4203125
0 0.496875 0.40078125 0.515625 0.40078125 0.515625 0.41015625 0.496875 0.41015625
0 0.56796875 0.353125 0.5890625 0.34296875 0.59375 0.35390625 0.5734375 0.3640625
0 0.51484375 0.31640625 0.52734375 0.31640625 0.52734375 0.32734375 0.51484375 0.32734375
0 0.5328125 0.29609375 0.5453125 0.29609375 0.5453125 0.30234375 0.5328125 0.30234375
0 0.46484375 0.35546875 0.48046875 0.35546875 0.48046875 0.36484375 0.46484375 0.36484375
0 0.27734375 0.37734375 0.2859375 0.37734375 0.2859375 0.39375 0.27734375 0.39375
0 0.2921875 0.3765625 0.30078125 0.3765625 0.30078125 0.39140625 0.2921875 0.39140625
0 0.2875 0.4140625 0.29453125 0.4140625 0.29453125 0.42578125 0.2875 0.42578125
0 0.7109375 0.42109375 0.71640625 0.42578125 0.7078125 0.4359375 0.70234375 0.43125
0 0.68828125 0.37578125 0.70859375 0.36015625 0.7125 0.36484375 0.6921875 0.38046875
0 0.828125 0.41953125 0.85703125 0.40859375 0.859375 0.415625 0.83046875 0.42578125
0 0.87578125 0.3859375 0.8921875 0.375 0.89609375 0.38125 0.8796875 0.39140625
0 0.95390625 0.33984375 0.9609375 0.334375 0.9734375 0.35078125 0.96640625 0.35625
0 0.97890625 0.1875 0.98671875 0.1875 0.98671875 0.1984375 0.97890625 0.1984375
0 0.98046875 0.128125 0.98515625 0.1234375 0.99375 0.1328125 0.9890625 0.13671875
0 0.88359375 0.1109375 0.896875 0.1109375 0.896875 0.12265625 0.88359375 0.12265625
0 0.73359375 0.55234375 0.76953125 0.53828125 0.77265625 0.546875 0.7375 0.5609375
0 0.93671875 0.48828125 0.9578125 0.4765625 0.96328125 0.4859375 0.9421875 0.49765625
0 0.08828125 0.82890625 0.115625 0.81484375 0.11875 0.82109375 0.090625 0.834375
3 0.53125 0.3625 0.5390625 0.3625 0.5390625 0.36796875 0.53125 0.36796875
