1 0.4015625 0.51796875 0.42421875 0.51796875 0.42421875 0.534375 0.4015625 0.534375
1 0.00234375 0.5140625 0.021875 0.5140625 0.021875 0.5359375 0.00234375 0.5359375
1 0.3234375 0.9375 0.3421875 0.9375 0.3421875 0.95546875 0.3234375 0.95546875
1 0.365625 0.94765625 0.378125 0.94765625 0.378125 0.9625 0.365625 0.9625
1 0.2 0.925 0.23515625 0.925 0.23515625 0.9484375 0.2 0.9484375
1 0.1390625 0.934375 0.1625 0.94765625 0.15703125 0.95859375 0.1328125 0.94453125
1 0.01953125 0.81875 0.03515625 0.815625 0.03671875 0.82109375 0.0203125 0.82421875
1 0.028125 0.35703125 0.04296875 0.3671875 0.0375 0.37578125 0.021875 0.365625
1 0.3234375 0.80390625 0.36015625 0.80390625 0.36015625 0.8140625 0.3234375 0.8140625
1 0.24921875 0.71953125 0.26796875 0.71953125 0.26796875 0.740625 0.24921875 0.740625
1 0.003125 0.28671875 0.01171875 0.2875 0.01015625 0.3046875 0.00078125 0.30390625
1 0.06796875 0.2921875 0.08984375 0.2921875 0.08984375 0.30546875 0.06796875 0.30546875
