1 0.5921875 0.88125 0.60234375 0.88125 0.60234375 0.88828125 0.5921875 0.88828125
1 0.45625 0.96171875 0.4671875 0.96171875 0.4671875 0.97421875 0.45625 0.97421875
1 0.51484375 0.93828125 0.53046875 0.93125 0.534375 0.9390625 0.51796875 0.94609375
1 0.51328125 0.9703125 0.52578125 0.959375 0.5328125 0.96796875 0.52109375 0.978125
1 0.53359375 0.95 0.5421875 0.95 0.5421875 0.9625 0.53359375 0.9625
1 0.54609375 0.94609375 0.5515625 0.94609375 0.5515625 0.95078125 0.54609375 0.95078125
1 0.5203125 0.94375 0.525 0.9515625 0.5078125 0.96328125 0.503125 0.95546875
1 0.62265625 0.8796875 0.63046875 0.88828125 0.6171875 0.9015625 0.60859375 0.89375
1 0.56875 0.88125 0.584375 0.88125 0.584375 0.8953125 0.56875 0.8953125
1 0.6546875 0.84453125 0.66875 0.84453125 0.66875 0.86171875 0.6546875 0.86171875
1 0.703125 0.83828125 0.715625 0.8296875 0.72109375 0.83828125 0.709375 0.846875
1 0.7640625 0.7859375 0.79296875 0.76640625 0.7984375 0.775 0.7703125 0.79453125
1 0.6671875 0.74609375 0.675 0.75 0.66484375 0.77109375 0.65625 0.76640625
1 0.75390625 0.68984375 0.7640625 0.68984375 0.7640625 0.6984375 0.75390625 0.6984375
1 0.74375 0.72734375 0.7625 0.7171875 0.76953125 0.7296875 0.75078125 0.73984375
1 0.80703125 0.6984375 0.828125 0.6953125 0.8296875 0.70546875 0.80859375 0.70859375
1 0.80078125 0.721875 0.81640625 0.7078125 0.82265625 0.715625 0.8078125 0.7296875
1 0.80859375 0.68515625 0.82890625 0.68125 0.83125 0.6921875 0.8109375 0.696875
1 0.828125 0.68046875 0.8453125 0.67265625 0.8484375 0.6796875 0.83125 0.68828125
1 0.91171875 0.61953125 0.9234375 0.61953125 0.9234375 0.63046875 0.91171875 0.63046875
1 0.94296875 0.61171875 0.96171875 0.59609375 0.96875 0.6046875 0.95 0.61953125
1 0.9921875 0.6421875 1.003125 0.65078125 0.9875 0.67109375 0.9765625 0.6625
1 0.92890625 0.621875 0.94375 0.61328125 0.946875 0.61875 0.9328125 0.62734375
1 0.925 0.61328125 0.9375 0.6046875 0.94296875 0.61171875 0.93046875 0.6203125
1 0.93671875 0.60234375 0.953125 0.58984375 0.9578125 0.5953125 0.94140625 0.6078125
1 0.83984375 0.590625 0.85390625 0.590625 0.85390625 0.603125 0.83984375 0.603125
1 0.990625 0.53984375 1.00234375 0.5421875 0.996875 0.56875 0.98515625 0.56640625
1 0.72890625 0.528125 0.74765625 0.528125 0.74765625 0.559375 0.72890625 0.559375
1 0.75625 0.5953125 0.77265625 0.5953125 0.77265625 0.61015625 0.75625 0.61015625
1 0.64921875 0.60859375 0.6609375 0.621875 0.6265625 0.65 0.615625 0.63671875
1 0.615625 0.603125 0.63046875 0.590625 0.64453125 0.60703125 0.62890625 0.61953125
1 0.6609375 0.496875 0.6890625 0.48671875 0.69296875 0.4953125 0.6640625 0.50625
1 0.5328125 0.55859375 0.57734375 0.53359375 0.58203125 0.54140625 0.5375 0.56640625
1 0.753125 0.396875 0.790625 0.36875 0.79609375 0.3765625 0.75859375 0.4046875
1 0.6828125 0.4390625 0.7171875 0.421875 0.72265625 0.43203125 0.6875 0.44921875
1 0.64375 0.45390625 0.65625 0.440625 0.6640625 0.44921875 0.6515625 0.46171875
1 0.67265625 0.4453125 0.6875 0.4453125 0.6875 0.45390625 0.67265625 0.45390625
1 0.73125 0.41875 0.7421875 0.41875 0.7421875 0.4296875 0.73125 0.4296875
1 0.94375 0.396875 0.97421875 0.396875 0.97421875 0.4171875 0.94375 0.4171875
1 0.15625 0.96875 0.16875 0.96875 0.16875 0.9875 0.15625 0.9875
1 0.13359375 0.984375 0.14453125 0.984375 0.14453125 0.99453125 0.13359375 0.99453125
1 0.146875 0.98671875 0.15546875 0.98671875 0.15546875 0.99609375 0.146875 0.99609375
1 0.14765625 0.9671875 0.15234375 0.971875 0.14375 0.98046875 0.1390625 0.9765625
1 0.27265625 0.925 0.28125 0.925 0.28125 0.94140625 0.27265625 0.94140625
1 0.26484375 0.884375 0.29375 0.884375 0.29375 0.89765625 0.26484375 0.89765625
1 0.02890625 0.9703125 0.05234375 0.965625 0.05546875 0.9796875 0.03125 0.984375
1 0.00078125 0.98671875 0.0125 0.98671875 0.0125 0.99765625 0.00078125 0.99765625
1 0.09375 0.90703125 0.10546875 0.90703125 0.10546875 0.92734375 0.09375 0.92734375
1 0.3625 0.8609375 0.3796875 0.85078125 0.384375 0.85859375 0.3671875 0.86875
1 0.38671875 0.8484375 0.4171875 0.84375 0.41875 0.85234375 0.38828125 0.8578125
1 0.284375 0.79609375 0.2984375 0.803125 0.28671875 0.8265625 0.2734375 0.8203125
1 0.13515625 0.79375 0.1734375 0.77421875 0.17734375 0.7828125 0.1390625 0.80234375
1 0.19375 0.734375 0.22265625 0.7125 0.23046875 0.72265625 0.20078125 0.74453125
1 0.303125 0.721875 0.309375 0.72890625 0.2921875 0.7453125 0.2859375 0.7390625
1 0.3875 0.7765625 0.40546875 0.76796875 0.41015625 0.77734375 0.3921875 0.7859375
1 0.43671875 0.7109375 0.453125 0.7109375 0.453125 0.7265625 0.43671875 0.7265625
1 0.29765625 0.6953125 0.31796875 0.68046875 0.3265625 0.6921875 0.30546875 0.70703125
1 0.36875 0.60078125 0.38359375 0.59140625 0.3984375 0.61328125 0.384375 0.62265625
3 0.86640625 0.6375 0.871875 0.6375 0.871875 0.6421875 0.86640625 0.6421875
3 0.8734375 0.6203125 0.8765625 0.6203125 0.8765625 0.62421875 0.8734375 0.62421875
3 0.84609375 0.6359375 0.859375 0.6359375 0.859375 0.64375 0.84609375 0.64375
3 0.87578125 0.6609375 0.88359375 0.6609375 0.88359375 0.66875 0.87578125 0.66875
