0 0.40390625 0.13671875 0.4234375 0.13671875 0.4234375 0.14296875 0.40390625 0.14296875
0 0.60078125 0.13125 0.615625 0.13125 0.615625 0.1359375 0.60078125 0.1359375
0 0.82421875 0.1328125 0.86484375 0.12890625 0.865625 0.1390625 0.825 0.14375
0 0.94375 0.084375 0.9859375 0.065625 0.98828125 0.071875 0.946875 0.090625
3 0.65859375 0.1390625 0.6625 0.1390625 0.6625 0.14453125 0.65859375 0.14453125
3 0.90078125 0.66015625 0.9078125 0.66015625 0.9078125 0.6703125 0.90078125 0.6703125
3 0.7390625 0.7875 0.74453125 0.7875 0.74453125 0.79453125 0.7390625 0.79453125
3 0.7875 0.78515625 0.79140625 0.78515625 0.79140625 0.79140625 0.7875 0.79140625
3 0.8109375 0.6046875 0.81640625 0.6046875 0.81640625 0.609375 0.8109375 0.609375
3 0.3421875 0.4609375 0.3484375 0.4609375 0.3484375 0.46640625 0.3421875 0.46640625
3 0.03203125 0.640625 0.0421875 0.640625 0.0421875 0.64921875 0.03203125 0.64921875
0 0.4609375 0.0375 0.46953125 0.0375 0.46953125 0.05078125 0.4609375 0.05078125
