2 0.61953125 0.1703125 0.6421875 0.1703125 0.6421875 0.17890625 0.61953125 0.17890625
2 0.59375 0.15703125 0.603125 0.15703125 0.603125 0.1640625 0.59375 0.1640625
2 0.69453125 0.30234375 0.709375 0.30234375 0.709375 0.31328125 0.69453125 0.31328125
2 0.7734375 0.796875 0.7796875 0.8015625 0.7671875 0.82109375 0.7609375 0.81640625
2 0.165625 0.12421875 0.178125 0.12421875 0.178125 0.140625 0.165625 0.140625
2 0.8078125 0.8109375 0.82265625 0.80625 0.825 0.81484375 0.8109375 0.8203125
2 0.7140625 0.840625 0.721875 0.846875 0.70859375 0.86484375 0.7 0.85859375
2 0.0703125 0.63046875 0.075 0.63359375 0.06171875 0.65625 0.05703125 0.653125
2 0.65625 0.33671875 0.6625 0.33203125 0.67109375 0.34453125 0.665625 0.34921875
2 0.57421875 0.2390625 0.58828125 0.2390625 0.58828125 0.24765625 0.57421875 0.24765625
