0 0.08828125 0.834375 0.0984375 0.834375 0.0984375 0.8421875 0.08828125 0.8421875
0 0.1578125 0.934375 0.1703125 0.9390625 0.16875 0.94375 0.15546875 0.93828125
0 0.1890625 0.94921875 0.203125 0.94921875 0.203125 0.95390625 0.1890625 0.95390625
0 0.21484375 0.96171875 0.22734375 0.96171875 0.22734375 0.96875 0.21484375 0.96875
0 0.10078125 0.865625 0.11328125 0.865625 0.11328125 0.875 0.10078125 0.875
0 0.41484375 0.934375 0.43359375 0.934375 0.43359375 0.94296875 0.41484375 0.94296875
0 0.38984375 0.92421875 0.4015625 0.915625 0.403125 0.91796875 0.39140625 0.92734375
0 0.3375 0.85 0.35078125 0.8453125 0.35234375 0.85078125 0.3390625 0.85546875
0 0.41328125 0.82265625 0.43203125 0.828125 0.43046875 0.83359375 0.41171875 0.82890625
0 0.6015625 0.95078125 0.62421875 0.95078125 0.62421875 0.96171875 0.6015625 0.96171875
0 0.01875 0.63046875 0.0296875 0.63046875 0.0296875 0.63828125 0.01875 0.63828125
0 0.003125 0.621875 0.0140625 0.621875 0.0140625 0.6328125 0.003125 0.6328125
0 0.009375 0.64375 0.0390625 0.64375 0.0390625 0.65234375 0.009375 0.65234375
0 0.0734375 0.6265625 0.0921875 0.63359375 0.08984375 0.6390625 0.071875 0.63203125
0 0.134375 0.6203125 0.1484375 0.62421875 0.146875 0.628125 0.1328125 0.62421875
0 0.1515625 0.640625 0.165625 0.63671875 0.1671875 0.6421875 0.15234375 0.6453125
0 0.16875 0.63359375 0.19296875 0.62421875 0.19609375 0.63203125 0.171875 0.64140625
0 0.14375 0.653125 0.15234375 0.653125 0.15234375 0.66171875 0.14375 0.66171875
0 0.31640625 0.640625 0.325 0.640625 0.325 0.646875 0.31640625 0.646875
0 0.31015625 0.6640625 0.3203125 0.6640625 0.3203125 0.6703125 0.31015625 0.6703125
0 0.37890625 0.6859375 0.3921875 0.6859375 0.3921875 0.69296875 0.37890625 0.69296875
0 0.4296875 0.68125 0.453125 0.68125 0.453125 0.690625 0.4296875 0.690625
0 0.4625 0.69453125 0.48125 0.69453125 0.48125 0.70078125 0.4625 0.70078125
0 0.4265625 0.7296875 0.434375 0.734375 0.43203125 0.7390625 0.42421875 0.73515625
0 0.50859375 0.70390625 0.52265625 0.70390625 0.52265625 0.7109375 0.50859375 0.7109375
0 0.575 0.775 0.5890625 0.7796875 0.5875 0.78359375 0.5734375 0.77890625
0 0.7125 0.71640625 0.72578125 0.72421875 0.72265625 0.73046875 0.70859375 0.721875
0 0.73203125 0.73203125 0.74765625 0.7390625 0.74609375 0.74296875 0.7296875 0.7359375
0 0.7890625 0.7515625 0.81171875 0.7515625 0.81171875 0.76328125 0.7890625 0.76328125
0 0.75859375 0.7890625 0.78359375 0.8 0.7796875 0.80703125 0.75546875 0.79609375
0 0.7328125 0.7875 0.74140625 0.7875 0.74140625 0.79375 0.7328125 0.79375
0 0.7796875 0.78515625 0.790625 0.78515625 0.790625 0.79609375 0.7796875 0.79609375
0 0.77734375 0.77734375 0.7890625 0.77734375 0.7890625 0.7828125 0.77734375 0.7828125
0 0.721875 0.7734375 0.7390625 0.78203125 0.73671875 0.7875 0.71953125 0.77890625
0 0.70625 0.78203125 0.72421875 0.78984375 0.721875 0.7953125 0.70390625 0.7875
0 0.76796875 0.8703125 0.778125 0.88203125 0.771875 0.8875 0.76171875 0.875
0 0.675 0.92265625 0.70546875 0.93203125 0.703125 0.9375 0.6734375 0.928125
0 0.9203125 0.978125 0.92734375 0.978125 0.92734375 0.9859375 0.9203125 0.9859375
0 0.9265625 0.95625 0.934375 0.95625 0.934375 0.96171875 0.9265625 0.96171875
0 0.93203125 0.98125 0.93984375 0.98125 0.93984375 0.9875 0.93203125 0.9875
0 0.81015625 0.83828125 0.81796875 0.84296875 0.81640625 0.84609375 0.80859375 0.84140625
0 0.80859375 0.83125 0.81328125 0.83125 0.81328125 0.8375 0.80859375 0.8375
0 0.9375 0.7671875 0.95703125 0.7671875 0.95703125 0.7734375 0.9375 0.7734375
0 0.959375 0.76015625 0.98046875 0.76015625 0.98046875 0.76796875 0.959375 0.76796875
0 0.67578125 0.3921875 0.6953125 0.3921875 0.6953125 0.3984375 0.67578125 0.3984375
0 0.66640625 0.39609375 0.671875 0.39453125 0.67734375 0.40859375 0.67265625 0.4109375
3 0.365625 0.1671875 0.37734375 0.1671875 0.37734375 0.17578125 0.365625 0.17578125
3 0.80546875 0.7375 0.809375 0.7375 0.809375 0.74140625 0.80546875 0.74140625
3 0.15 0.9765625 0.15390625 0.9765625 0.15390625 0.98125 0.15 0.98125
3 0.16640625 0.7953125 0.1703125 0.7953125 0.1703125 0.79765625 0.16640625 0.79765625
3 0.7265625 0.39375 0.7375 0.39375 0.7375 0.4 0.7265625 0.4
3 0.93046875 0.3703125 0.93828125 0.3703125 0.93828125 0.375 0.93046875 0.375
