1 0.0015625 0.65390625 0.015625 0.65390625 0.015625 0.66015625 0.0015625 0.66015625
1 0.040625 0.7453125 0.06015625 0.7359375 0.0640625 0.74375 0.04453125 0.753125
1 0.04140625 0.92421875 0.05703125 0.92421875 0.05703125 0.94296875 0.04140625 0.94296875
1 0.1015625 0.94140625 0.1171875 0.94140625 0.1171875 0.95078125 0.1015625 0.95078125
1 0.0484375 0.83203125 0.0625 0.83203125 0.0625 0.84140625 0.0484375 0.84140625
1 0.0671875 0.8296875 0.075 0.8296875 0.075 0.8359375 0.0671875 0.8359375
1 0.01640625 0.8234375 0.0296875 0.8234375 0.0296875 0.82890625 0.01640625 0.82890625
1 0.14765625 0.8953125 0.16328125 0.8953125 0.16328125 0.9046875 0.14765625 0.9046875
1 0.15859375 0.91171875 0.18046875 0.91171875 0.18046875 0.92890625 0.15859375 0.92890625
1 0.19609375 0.90546875 0.22734375 0.90546875 0.22734375 0.91875 0.19609375 0.91875
1 0.190625 0.81015625 0.2 0.81015625 0.2 0.82421875 0.190625 0.82421875
1 0.29296875 0.8171875 0.31171875 0.8171875 0.31171875 0.83203125 0.29296875 0.83203125
1 0.028125 0.51875 0.0359375 0.51875 0.0359375 0.54453125 0.028125 0.54453125
1 0.18359375 0.50703125 0.1890625 0.50546875 0.19296875 0.5171875 0.1875 0.51875
1 0.20546875 0.4640625 0.21875 0.4640625 0.21875 0.47265625 0.20546875 0.47265625
1 0.2734375 0.48046875 0.28203125 0.48046875 0.28203125 0.48828125 0.2734375 0.48828125
1 0.27578125 0.4609375 0.2828125 0.45234375 0.29765625 0.465625 0.290625 0.4734375
1 0.31328125 0.459375 0.31796875 0.45703125 0.325 0.47109375 0.3203125 0.4734375
1 0.35390625 0.53359375 0.3640625 0.525 0.36875 0.53046875 0.35859375 0.5390625
1 0.3328125 0.7953125 0.34453125 0.7953125 0.34453125 0.80703125 0.3328125 0.80703125
1 0.53125 0.85234375 0.55859375 0.8375 0.565625 0.85078125 0.53828125 0.86484375
1 0.51015625 0.8609375 0.52109375 0.8609375 0.52109375 0.8890625 0.51015625 0.8890625
1 0.49609375 0.865625 0.5109375 0.865625 0.5109375 0.87890625 0.49609375 0.87890625
1 0.53515625 0.69375 0.55234375 0.69375 0.55234375 0.70546875 0.53515625 0.70546875
1 0.6171875 0.62890625 0.6265625 0.62890625 0.6265625 0.646875 0.6171875 0.646875
1 0.65859375 0.65078125 0.68828125 0.65078125 0.68828125 0.66484375 0.65859375 0.66484375
1 0.5375 0.76953125 0.54765625 0.76953125 0.54765625 0.78359375 0.5375 0.78359375
1 0.52890625 0.6046875 0.54921875 0.6046875 0.54921875 0.61171875 0.52890625 0.61171875
1 0.7140625 0.73515625 0.73046875 0.73515625 0.73046875 0.76015625 0.7140625 0.76015625
1 0.6453125 0.77578125 0.6703125 0.78515625 0.66796875 0.7921875 0.64296875 0.7828125
1 0.653125 0.7875 0.67109375 0.79296875 0.66953125 0.79765625 0.6515625 0.7921875
1 0.73046875 0.7890625 0.74609375 0.77265625 0.75234375 0.77890625 0.7375 0.7953125
1 0.7984375 0.7375 0.81484375 0.728125 0.81796875 0.7328125 0.80078125 0.74296875
1 0.8421875 0.7109375 0.8546875 0.6984375 0.8625 0.70625 0.84921875 0.71875
1 0.71796875 0.63203125 0.73125 0.63203125 0.73125 0.65625 0.71796875 0.65625
1 0.85625 0.6125 0.871875 0.6125 0.871875 0.621875 0.85625 0.621875
1 0.875 0.62578125 0.8875 0.62578125 0.8875 0.64609375 0.875 0.64609375
1 0.8578125 0.56875 0.86328125 0.56875 0.86328125 0.57890625 0.8578125 0.57890625
1 0.83828125 0.55 0.846875 0.55 0.846875 0.559375 0.83828125 0.559375
1 0.95625 0.6375 0.96640625 0.64453125 0.95390625 0.6640625 0.94296875 0.65703125
1 0.95078125 0.60078125 0.9609375 0.60078125 0.9609375 0.60703125 0.95078125 0.60703125
1 0.91015625 0.5046875 0.91640625 0.5046875 0.91640625 0.51171875 0.91015625 0.51171875
1 0.88125 0.4328125 0.8890625 0.4375 0.8796875 0.45078125 0.871875 0.4453125
1 0.98984375 0.39921875 1.0 0.39921875 1.0 0.41015625 0.98984375 0.41015625
1 0.9859375 0.32265625 0.99921875 0.32265625 0.99921875 0.3421875 0.9859375 0.3421875
1 0.8875 0.25 0.91953125 0.2265625 0.925 0.234375 0.89296875 0.2578125
1 0.95703125 0.2578125 0.9796875 0.23828125 0.984375 0.24375 0.96171875 0.26328125
1 0.8453125 0.2046875 0.8609375 0.18125 0.871875 0.18828125 0.85625 0.21171875
1 0.825 0.45234375 0.84375 0.45234375 0.84375 0.471875 0.825 0.471875
1 0.7265625 0.48671875 0.73671875 0.4796875 0.74765625 0.4953125 0.73828125 0.50234375
1 0.71796875 0.515625 0.73828125 0.5015625 0.740625 0.50546875 0.72109375 0.51953125
1 0.79140625 0.403125 0.796875 0.4078125 0.7890625 0.4171875 0.78359375 0.4125
1 0.79375 0.43359375 0.809375 0.41796875 0.81640625 0.42578125 0.8015625 0.440625
1 0.7578125 0.3640625 0.78984375 0.34375 0.79609375 0.353125 0.7640625 0.3734375
1 0.6546875 0.4078125 0.67109375 0.396875 0.67734375 0.40546875 0.6609375 0.41640625
1 0.6046875 0.4125 0.62421875 0.40625 0.6265625 0.41328125 0.60703125 0.41953125
1 0.553125 0.42734375 0.56953125 0.41875 0.57421875 0.428125 0.55859375 0.43671875
1 0.6828125 0.56796875 0.6921875 0.55703125 0.69765625 0.5625 0.6875 0.57265625
1 0.70859375 0.52734375 0.7234375 0.52734375 0.7234375 0.53515625 0.70859375 0.53515625
1 0.7421875 0.521875 0.74765625 0.51875 0.75234375 0.5265625 0.74765625 0.5296875
1 0.6375 0.52890625 0.6453125 0.5328125 0.6328125 0.55625 0.62578125 0.55234375
3 0.84453125 0.62578125 0.8625 0.62578125 0.8625 0.640625 0.84453125 0.640625
