2 0.496875 0.96328125 0.50390625 0.96640625 0.496875 0.98125 0.4890625 0.978125
2 0.5078125 0.946875 0.5265625 0.946875 0.5265625 0.95078125 0.5078125 0.95078125
3 0.3109375 0.26484375 0.32421875 0.26484375 0.32421875 0.290625 0.3109375 0.290625
2 0.2046875 0.92578125 0.21640625 0.92578125 0.21640625 0.93359375 0.2046875 0.93359375
2 0.7859375 0.27109375 0.80390625 0.27109375 0.80390625 0.2796875 0.7859375 0.2796875
2 0.4078125 0.34375 0.415625 0.346875 0.41015625 0.35859375 0.403125 0.3546875
2 0.40546875 0.33359375 0.41015625 0.33828125 0.39921875 0.35 0.39453125 0.3453125
2 0.2828125 0.36328125 0.28984375 0.35703125 0.2953125 0.3625 0.2875 0.36875
2 0.26953125 0.36484375 0.278125 0.35859375 0.2859375 0.3703125 0.278125 0.37578125
2 0.02421875 0.4078125 0.0296875 0.40390625 0.0375 0.41328125 0.03125 0.4171875
2 0.35 0.11015625 0.35625 0.11015625 0.35625 0.11796875 0.35 0.11796875
3 0.06875 0.19375 0.08125 0.20703125 0.06875 0.21796875 0.05625 0.2046875
