2 0.82734375 0.86484375 0.8375 0.86484375 0.8375 0.875 0.82734375 0.875
2 0.9921875 0.12578125 0.9984375 0.12578125 0.9984375 0.13984375 0.9921875 0.13984375
2 0.70703125 0.04609375 0.725 0.0375 0.72890625 0.04609375 0.7109375 0.05390625
2 0.415625 0.8390625 0.42109375 0.8453125 0.41015625 0.85625 0.4046875 0.85
2 0.453125 0.72578125 0.4609375 0.73359375 0.44609375 0.7484375 0.43828125 0.740625
2 0.5078125 0.61953125 0.51796875 0.61953125 0.51796875 0.6375 0.5078125 0.6375
2 0.33125 0.84375 0.34609375 0.84921875 0.34453125 0.85546875 0.3296875 0.85078125
2 0.478125 0.5390625 0.4875 0.54296875 0.48046875 0.56015625 0.4703125 0.55546875
2 0.2234375 0.575 0.23046875 0.58203125 0.2140625 0.60078125 0.20625 0.59375
2 0.2171875 0.88828125 0.2265625 0.8921875 0.22421875 0.8984375 0.2140625 0.8953125
2 0.44765625 0.70546875 0.4546875 0.70546875 0.4546875 0.71640625 0.44765625 0.71640625
2 0.4125 0.78359375 0.41796875 0.78671875 0.41171875 0.79609375 0.40625 0.7921875
2 0.47890625 0.50078125 0.49140625 0.50078125 0.49140625 0.5203125 0.47890625 0.5203125
