1 0.1265625 0.57421875 0.14375 0.57421875 0.14375 0.59140625 0.1265625 0.59140625
1 0.17109375 0.55 0.20234375 0.51171875 0.21328125 0.5203125 0.18203125 0.55859375
1 0.3234375 0.52890625 0.34453125 0.5234375 0.34609375 0.52890625 0.325 0.53515625
1 0.334375 0.5328125 0.359375 0.5265625 0.3609375 0.53515625 0.3359375 0.540625
1 0.33125 0.54453125 0.3515625 0.54453125 0.3515625 0.5625 0.33125 0.5625
1 0.3796875 0.4328125 0.40078125 0.4328125 0.40078125 0.44609375 0.3796875 0.44609375
1 0.5796875 0.56015625 0.5984375 0.540625 0.60703125 0.54921875 0.58828125 0.56875
1 0.32421875 0.74921875 0.33984375 0.740625 0.34296875 0.746875 0.328125 0.75546875
1 0.5625 0.93046875 0.58203125 0.9453125 0.5765625 0.9515625 0.5578125 0.93671875
1 0.559375 0.93828125 0.575 0.94921875 0.571875 0.95390625 0.55625 0.9421875
1 0.70546875 0.98515625 0.73046875 0.98515625 0.73046875 0.99375 0.70546875 0.99375
1 0.76015625 0.809375 0.78515625 0.80625 0.78671875 0.81796875 0.76171875 0.82109375
1 0.72578125 0.81484375 0.7359375 0.81484375 0.7359375 0.82890625 0.72578125 0.82890625
1 0.6828125 0.9515625 0.69453125 0.940625 0.7 0.94609375 0.68828125 0.95703125
1 0.909375 0.86328125 0.9328125 0.853125 0.9359375 0.86015625 0.9125 0.8703125
1 0.91640625 0.853125 0.93125 0.846875 0.93359375 0.8515625 0.91875 0.8578125
1 0.9796875 0.81640625 0.996875 0.8109375 1.0 0.81953125 0.98203125 0.825
1 0.9453125 0.8453125 0.9734375 0.82734375 0.9765625 0.83203125 0.9484375 0.85078125
1 0.86953125 0.7203125 0.88671875 0.7203125 0.88671875 0.7421875 0.86953125 0.7421875
1 0.7078125 0.6484375 0.71953125 0.6484375 0.71953125 0.67109375 0.7078125 0.67109375
1 0.6859375 0.65234375 0.69921875 0.65859375 0.68515625 0.6890625 0.671875 0.6828125
1 0.7265625 0.59375 0.73671875 0.59765625 0.7203125 0.64375 0.71015625 0.640625
1 0.94375 0.54296875 0.95859375 0.54296875 0.95859375 0.553125 0.94375 0.553125
1 0.93984375 0.36015625 0.953125 0.36015625 0.953125 0.378125 0.93984375 0.378125
1 0.9859375 0.26328125 0.99375 0.26328125 0.99375 0.275 0.9859375 0.275
3 0.8796875 0.5765625 0.88203125 0.5765625 0.88203125 0.58046875 0.8796875 0.58046875
3 0.88984375 0.634375 0.89375 0.634375 0.89375 0.63984375 0.88984375 0.63984375
1 0.29609375 0.3796875 0.3046875 0.3796875 0.3046875 0.3859375 0.29609375 0.3859375
