3 0.52578125 0.91640625 0.54296875 0.91640625 0.54296875 0.9265625 0.52578125 0.9265625
3 0.5109375 0.9046875 0.51953125 0.9046875 0.51953125 0.91328125 0.5109375 0.91328125
3 0.57265625 0.9078125 0.58046875 0.9078125 0.58046875 0.92109375 0.57265625 0.92109375
3 0.55859375 0.9125 0.56953125 0.9125 0.56953125 0.92109375 0.55859375 0.92109375
3 0.49296875 0.928125 0.5015625 0.928125 0.5015625 0.93828125 0.49296875 0.93828125
3 0.68046875 0.93984375 0.6921875 0.93984375 0.6921875 0.94765625 0.68046875 0.94765625
0 0.24140625 0.0359375 0.25234375 0.0390625 0.24375 0.06953125 0.2328125 0.06640625
0 0.1625 0.23515625 0.16640625 0.2359375 0.16171875 0.24765625 0.15859375 0.246875
3 0.5484375 0.6109375 0.5515625 0.6109375 0.5515625 0.6140625 0.5484375 0.6140625
3 0.72890625 0.659375 0.73359375 0.659375 0.73359375 0.6625 0.72890625 0.6625
3 0.96796875 0.75078125 0.971875 0.75078125 0.971875 0.75703125 0.96796875 0.75703125
3 0.8484375 0.94140625 0.853125 0.94140625 0.853125 0.9484375 0.8484375 0.9484375
3 0.67578125 0.92734375 0.68203125 0.92734375 0.68203125 0.93359375 0.67578125 0.93359375
3 0.69609375 0.92421875 0.70078125 0.92421875 0.70078125 0.9296875 0.69609375 0.9296875
3 0.6828125 0.92890625 0.68828125 0.92890625 0.68828125 0.9328125 0.6828125 0.9328125
3 0.68203125 0.921875 0.6921875 0.921875 0.6921875 0.928125 0.68203125 0.928125
0 0.028125 0.4703125 0.03515625 0.46796875 0.04375 0.49140625 0.0359375 0.49375
0 0.08046875 0.4984375 0.08671875 0.49765625 0.09375 0.53125 0.08671875 0.5328125
0 0.003125 0.5609375 0.00859375 0.5609375 0.00859375 0.57265625 0.003125 0.57265625
3 0.73515625 0.0265625 0.73828125 0.0265625 0.73828125 0.03125 0.73515625 0.03125
0 0.03125 0.5484375 0.04140625 0.5515625 0.03984375 0.55625 0.0296875 0.553125
0 0.05 0.59921875 0.053125 0.6 0.0484375 0.61796875 0.0453125 0.6171875
0 0.046875 0.8796875 0.065625 0.8796875 0.065625 0.88828125 0.046875 0.88828125
0 0.03359375 0.90234375 0.05078125 0.90234375 0.05078125 0.909375 0.03359375 0.909375
0 0.109375 0.7703125 0.134375 0.7703125 0.134375 0.77578125 0.109375 0.77578125
0 0.153125 0.7296875 0.17421875 0.7296875 0.17421875 0.740625 0.153125 0.740625
0 0.028125 0.71328125 0.05625 0.72109375 0.05390625 0.73046875 0.02578125 0.72265625
3 0.68984375 0.93203125 0.69765625 0.93203125 0.69765625 0.93828125 0.68984375 0.93828125
0 0.2234375 0.73203125 0.2359375 0.74375 0.23359375 0.74609375 0.22109375 0.734375
0 0.25078125 0.72421875 0.27109375 0.7390625 0.26796875 0.7421875 0.2484375 0.728125
0 0.240625 0.6609375 0.246875 0.6609375 0.246875 0.6671875 0.240625 0.6671875
0 0.25546875 0.65625 0.259375 0.65625 0.259375 0.6703125 0.25546875 0.6703125
0 0.2625 0.66640625 0.26484375 0.66328125 0.275 0.67265625 0.271875 0.67578125
0 0.25703125 0.6296875 0.259375 0.62734375 0.26875 0.6390625 0.26640625 0.64140625
0 0.3140625 0.61875 0.3421875 0.62421875 0.34140625 0.62890625 0.31328125 0.6234375
0 0.2171875 0.8203125 0.21953125 0.8234375 0.21171875 0.83125 0.209375 0.82890625
0 0.3484375 0.759375 0.35859375 0.76640625 0.35703125 0.76875 0.346875 0.76171875
0 0.34921875 0.8078125 0.35546875 0.8078125 0.35546875 0.8125 0.34921875 0.8125
0 0.35859375 0.8140625 0.36796875 0.8140625 0.36796875 0.81875 0.35859375 0.81875
0 0.403125 0.76953125 0.40703125 0.76953125 0.40703125 0.77734375 0.403125 0.77734375
0 0.525 0.84453125 0.53671875 0.84453125 0.53671875 0.86171875 0.525 0.86171875
0 0.50234375 0.86640625 0.5171875 0.86640625 0.5171875 0.87421875 0.50234375 0.87421875
0 0.51796875 0.88359375 0.52109375 0.88671875 0.5140625 0.89375 0.5109375 0.890625
0 0.521875 0.890625 0.52734375 0.890625 0.52734375 0.8953125 0.521875 0.8953125
0 0.48203125 0.9109375 0.496875 0.90546875 0.49921875 0.91015625 0.48359375 0.915625
0 0.51015625 0.93828125 0.525 0.93828125 0.525 0.94765625 0.51015625 0.94765625
0 0.55234375 0.83515625 0.5734375 0.83515625 0.5734375 0.83984375 0.55234375 0.83984375
0 0.596875 0.7125 0.603125 0.71640625 0.5984375 0.7265625 0.59140625 0.72265625
0 0.7171875 0.71875 0.725 0.72421875 0.72265625 0.72734375 0.71484375 0.721875
0 0.6796875 0.7484375 0.68359375 0.7453125 0.6921875 0.75703125 0.68828125 0.76015625
0 0.73515625 0.96953125 0.75078125 0.96953125 0.75078125 0.978125 0.73515625 0.978125
0 0.77421875 0.8734375 0.7890625 0.88125 0.78671875 0.8859375 0.771875 0.878125
0 0.83515625 0.890625 0.85625 0.890625 0.85625 0.8953125 0.83515625 0.8953125
0 0.98359375 0.96328125 0.99375 0.96328125 0.99375 0.96875 0.98359375 0.96875
0 0.89609375 0.66015625 0.928125 0.659375 0.928125 0.66640625 0.89609375 0.6671875
0 0.8625 0.65625 0.884375 0.6640625 0.8828125 0.66796875 0.8609375 0.6609375
0 0.83359375 0.66484375 0.8546875 0.66015625 0.85546875 0.66484375 0.83515625 0.66953125
0 0.88984375 0.684375 0.89921875 0.684375 0.89921875 0.68984375 0.88984375 0.68984375
0 0.865625 0.7078125 0.88125 0.7078125 0.88125 0.71640625 0.865625 0.71640625
0 0.84296875 0.73203125 0.846875 0.73203125 0.846875 0.7375 0.84296875 0.7375
0 0.89296875 0.7390625 0.89921875 0.7390625 0.89921875 0.74453125 0.89296875 0.74453125
0 0.8875 0.74453125 0.89296875 0.74453125 0.89296875 0.7515625 0.8875 0.7515625
0 0.8015625 0.73671875 0.80703125 0.73671875 0.80703125 0.746875 0.8015625 0.746875
0 0.78359375 0.728125 0.78828125 0.728125 0.78828125 0.73359375 0.78359375 0.73359375
0 0.91953125 0.7796875 0.93359375 0.78359375 0.9328125 0.7875 0.91875 0.7828125
0 0.91328125 0.78046875 0.92265625 0.78359375 0.92109375 0.78828125 0.91171875 0.78515625
0 0.82734375 0.80625 0.8359375 0.81171875 0.83359375 0.81484375 0.825 0.809375
0 0.8921875 0.77421875 0.903125 0.7796875 0.9015625 0.7828125 0.890625 0.77734375
0 0.65 0.06640625 0.6625 0.06640625 0.6625 0.0765625 0.65 0.0765625
