3 0.61484375 0.2890625 0.61875 0.2890625 0.61875 0.29296875 0.61484375 0.29296875
1 0.01015625 0.22890625 0.0203125 0.22890625 0.0203125 0.24609375 0.01015625 0.24609375
3 0.4546875 0.7390625 0.45859375 0.7390625 0.45859375 0.74296875 0.4546875 0.74296875
3 0.57578125 0.78046875 0.57890625 0.78046875 0.57890625 0.784375 0.57578125 0.784375
3 0.6515625 0.6375 0.66015625 0.6375 0.66015625 0.64453125 0.6515625 0.64453125
1 0.26328125 0.02890625 0.2828125 0.01875 0.2890625 0.03046875 0.26875 0.040625
1 0.22109375 0.475 0.2296875 0.46953125 0.24375 0.4890625 0.23515625 0.4953125
1 0.23125 0.46953125 0.23984375 0.4640625 0.25234375 0.4828125 0.24375 0.48828125
3 0.51171875 0.2625 0.51875 0.2625 0.51875 0.2671875 0.51171875 0.2671875
1 0.1125 0.7125 0.1203125 0.71953125 0.10546875 0.7375 0.09765625 0.73046875
1 0.465625 0.65 0.46953125 0.64453125 0.4890625 0.65859375 0.48515625 0.6640625
3 0.48359375 0.6859375 0.4921875 0.6859375 0.4921875 0.690625 0.48359375 0.690625
1 0.65703125 0.71640625 0.6734375 0.71640625 0.6734375 0.73203125 0.65703125 0.73203125
1 0.66484375 0.8484375 0.671875 0.84140625 0.7015625 0.8734375 0.69453125 0.8796875
1 0.1265625 0.71328125 0.13671875 0.71796875 0.1296875 0.73359375 0.11953125 0.7296875
1 0.9546875 0.140625 0.9609375 0.1328125 0.97578125 0.14453125 0.96953125 0.15234375
1 0.7484375 0.20078125 0.7625 0.20078125 0.7625 0.20859375 0.7484375 0.20859375
1 0.52734375 0.5328125 0.54453125 0.5328125 0.54453125 0.546875 0.52734375 0.546875
1 0.24453125 0.5140625 0.26171875 0.5265625 0.25078125 0.540625 0.234375 0.52734375
1 0.8078125 0.03984375 0.83203125 0.0203125 0.8375 0.028125 0.81328125 0.04765625
1 0.78671875 0.04765625 0.81015625 0.04375 0.81171875 0.05546875 0.78828125 0.059375
3 0.675 0.38515625 0.6796875 0.38515625 0.6796875 0.38828125 0.675 0.38828125
3 0.63671875 0.33671875 0.640625 0.33671875 0.640625 0.33984375 0.63671875 0.33984375
1 0.503125 0.89140625 0.53046875 0.89140625 0.53046875 0.9109375 0.503125 0.9109375
1 0.02265625 0.1109375 0.03515625 0.1109375 0.03515625 0.1296875 0.02265625 0.1296875
1 0.1859375 0.98984375 0.209375 0.98984375 0.209375 1.0 0.1859375 1.0
3 0.8375 0.27265625 0.8453125 0.27265625 0.8453125 0.2796875 0.8375 0.2796875
3 0.95859375 0.8 0.9671875 0.8 0.9671875 0.8078125 0.95859375 0.8078125
