3 0.97265625 0.25859375 0.97578125 0.25859375 0.97578125 0.26328125 0.97265625 0.26328125
3 0.98125 0.1515625 0.98671875 0.1515625 0.98671875 0.15546875 0.98125 0.15546875
3 0.94296875 0.15390625 0.94765625 0.15390625 0.94765625 0.15859375 0.94296875 0.15859375
3 0.9484375 0.1515625 0.9515625 0.1515625 0.9515625 0.15390625 0.9484375 0.15390625
3 0.9421875 0.14921875 0.9453125 0.14921875 0.9453125 0.15234375 0.9421875 0.15234375
3 0.9375 0.1484375 0.94140625 0.1484375 0.94140625 0.1515625 0.9375 0.1515625
3 0.9359375 0.15859375 0.93984375 0.15859375 0.93984375 0.1625 0.9359375 0.1625
3 0.93671875 0.15390625 0.940625 0.15390625 0.940625 0.15703125 0.93671875 0.15703125
3 0.92734375 0.15703125 0.93125 0.15703125 0.93125 0.16015625 0.92734375 0.16015625
3 0.93046875 0.153125 0.93359375 0.153125 0.93359375 0.15625 0.93046875 0.15625
3 0.92734375 0.1484375 0.9328125 0.1484375 0.9328125 0.15234375 0.92734375 0.15234375
3 0.909375 0.15625 0.9125 0.15625 0.9125 0.159375 0.909375 0.159375
3 0.8734375 0.15234375 0.8765625 0.15234375 0.8765625 0.15546875 0.8734375 0.15546875
0 0.559375 0.73984375 0.5765625 0.73203125 0.57890625 0.73671875 0.56171875 0.74453125
0 0.04453125 0.61953125 0.059375 0.61953125 0.059375 0.62734375 0.04453125 0.62734375
0 0.115625 0.721875 0.12421875 0.7171875 0.13203125 0.73125 0.1234375 0.7359375
0 0.13984375 0.7484375 0.16328125 0.73984375 0.16796875 0.7515625 0.14453125 0.7609375
0 0.13046875 0.6484375 0.1640625 0.62578125 0.1671875 0.63046875 0.134375 0.653125
0 0.0 0.73125 0.0140625 0.73125 0.0140625 0.7453125 0.0 0.7453125
0 0.040625 0.6875 0.05 0.69296875 0.034375 0.71796875 0.025 0.7125
0 0.309375 0.85625 0.3265625 0.846875 0.328125 0.85 0.3109375 0.859375
0 0.38671875 0.8609375 0.4171875 0.85234375 0.4203125 0.86484375 0.390625 0.8734375
0 0.4078125 0.53671875 0.440625 0.53125 0.44140625 0.5375 0.409375 0.54296875
0 0.5453125 0.51953125 0.57265625 0.50859375 0.575 0.515625 0.5484375 0.5265625
0 0.56328125 0.52109375 0.59296875 0.50859375 0.5953125 0.5140625 0.565625 0.5265625
0 0.60546875 0.50703125 0.61875 0.50703125 0.61875 0.5125 0.60546875 0.5125
0 0.62421875 0.50703125 0.64453125 0.5046875 0.6453125 0.50859375 0.62421875 0.5109375
0 0.82578125 0.82578125 0.8359375 0.82109375 0.83828125 0.82578125 0.828125 0.83125
0 0.93046875 0.6703125 0.95 0.66484375 0.95234375 0.67109375 0.93203125 0.6765625
0 0.86796875 0.5296875 0.87421875 0.5265625 0.8796875 0.5359375 0.87421875 0.53984375
0 0.790625 0.475 0.81796875 0.46640625 0.81953125 0.47109375 0.7921875 0.48046875
0 0.91953125 0.44453125 0.95859375 0.43125 0.96015625 0.43671875 0.92109375 0.44921875
0 0.49921875 0.5875 0.515625 0.5875 0.515625 0.603125 0.49921875 0.603125
0 0.2359375 0.60859375 0.25078125 0.6015625 0.25390625 0.60859375 0.23828125 0.61484375
0 0.7390625 0.296875 0.7421875 0.29765625 0.73671875 0.3140625 0.7328125 0.31328125
0 0.6046875 0.69921875 0.625 0.68828125 0.628125 0.69453125 0.60859375 0.70625
0 0.5078125 0.6921875 0.5171875 0.6921875 0.5171875 0.70546875 0.5078125 0.70546875
0 0.70703125 0.79609375 0.725 0.7796875 0.73046875 0.7859375 0.71328125 0.803125
0 0.1015625 0.6046875 0.115625 0.5984375 0.11875 0.6046875 0.10390625 0.6109375
0 0.73515625 0.49296875 0.75 0.49296875 0.75 0.49921875 0.73515625 0.49921875
3 0.90390625 0.55625 0.90859375 0.55625 0.90859375 0.559375 0.90390625 0.559375
3 0.9421875 0.575 0.94609375 0.575 0.94609375 0.57890625 0.9421875 0.57890625
3 0.65 0.55859375 0.653125 0.55859375 0.653125 0.56328125 0.65 0.56328125
3 0.64296875 0.55078125 0.64921875 0.55078125 0.64921875 0.55625 0.64296875 0.55625
3 0.6875 0.54765625 0.690625 0.54765625 0.690625 0.55078125 0.6875 0.55078125
3 0.62421875 0.61171875 0.6296875 0.61171875 0.6296875 0.61796875 0.62421875 0.61796875
3 0.40546875 0.61875 0.41015625 0.61875 0.41015625 0.62421875 0.40546875 0.62421875
3 0.4109375 0.6203125 0.41484375 0.6171875 0.41953125 0.621875 0.41640625 0.625
3 0.13515625 0.6890625 0.13984375 0.6890625 0.13984375 0.6953125 0.13515625 0.6953125
3 0.10390625 0.728125 0.10859375 0.728125 0.10859375 0.73203125 0.10390625 0.73203125
3 0.12890625 0.74453125 0.13359375 0.74453125 0.13359375 0.74921875 0.12890625 0.74921875
3 0.06875 0.74609375 0.071875 0.74609375 0.071875 0.75 0.06875 0.75
3 0.065625 0.7546875 0.06875 0.7546875 0.06875 0.75859375 0.065625 0.75859375
3 0.22109375 0.715625 0.225 0.715625 0.225 0.71875 0.22109375 0.71875
3 0.32265625 0.7234375 0.33203125 0.7234375 0.33203125 0.73203125 0.32265625 0.73203125
3 0.49921875 0.7015625 0.5046875 0.7015625 0.5046875 0.7078125 0.49921875 0.7078125
3 0.9140625 0.71328125 0.9203125 0.71328125 0.9203125 0.71875 0.9140625 0.71875
3 0.88359375 0.65703125 0.88828125 0.65703125 0.88828125 0.6609375 0.88359375 0.6609375
3 0.5265625 0.178125 0.53515625 0.178125 0.53515625 0.18671875 0.5265625 0.18671875
3 0.6359375 0.15703125 0.64140625 0.15703125 0.64140625 0.16328125 0.6359375 0.16328125
3 0.66640625 0.1171875 0.66953125 0.1171875 0.66953125 0.12265625 0.66640625 0.12265625
3 0.14375 0.13359375 0.14921875 0.13359375 0.14921875 0.13984375 0.14375 0.13984375
