2 0.58125 0.0171875 0.5890625 0.02265625 0.575 0.04453125 0.5671875 0.0390625
2 0.5515625 0.05390625 0.55859375 0.05390625 0.55859375 0.06484375 0.5515625 0.06484375
2 0.5578125 0.05625 0.56640625 0.04921875 0.57109375 0.05390625 0.56171875 0.0609375
2 0.565625 0.05859375 0.5703125 0.06171875 0.56328125 0.071875 0.55859375 0.06875
2 0.39765625 0.12109375 0.40546875 0.12109375 0.40546875 0.1421875 0.39765625 0.1421875
2 0.5203125 0.16171875 0.53046875 0.16953125 0.50625 0.19921875 0.49609375 0.19140625
2 0.4921875 0.22109375 0.4796875 0.21015625 0.4953125 0.1921875 0.5078125 0.203125
2 0.42421875 0.25 0.43515625 0.25546875 0.4234375 0.2796875 0.4125 0.275
2 0.3984375 0.28671875 0.40625 0.28671875 0.40625 0.31953125 0.3984375 0.31953125
2 0.2890625 0.31171875 0.29453125 0.31484375 0.2875 0.33046875 0.28125 0.328125
2 0.27890625 0.28984375 0.2828125 0.29140625 0.2765625 0.303125 0.27265625 0.3015625
2 0.28046875 0.3578125 0.28671875 0.3578125 0.28671875 0.36953125 0.28046875 0.36953125
2 0.275 0.37109375 0.28046875 0.37109375 0.28046875 0.37890625 0.275 0.37890625
2 0.38828125 0.4 0.4 0.40625 0.3890625 0.428125 0.37734375 0.42265625
2 0.4140625 0.3328125 0.42265625 0.334375 0.4171875 0.36953125 0.40859375 0.36796875
2 0.5609375 0.1625 0.58203125 0.1390625 0.5953125 0.15078125 0.57421875 0.175
2 0.7484375 0.29765625 0.7578125 0.2984375 0.75234375 0.33359375 0.74375 0.33203125
2 0.62109375 0.4078125 0.63515625 0.4140625 0.6109375 0.47421875 0.596875 0.46796875
2 0.521875 0.46953125 0.54375 0.45546875 0.546875 0.4609375 0.525 0.475
2 0.5578125 0.3734375 0.56484375 0.3734375 0.56484375 0.39765625 0.5578125 0.39765625
2 0.61484375 0.71171875 0.628125 0.71171875 0.628125 0.73125 0.61484375 0.73125
2 0.45546875 0.60546875 0.4734375 0.5953125 0.478125 0.60390625 0.4609375 0.6140625
2 0.47109375 0.61875 0.45703125 0.628125 0.45234375 0.62109375 0.46640625 0.61171875
2 0.30234375 0.628125 0.31328125 0.628125 0.31328125 0.65546875 0.30234375 0.65546875
2 0.2734375 0.70625 0.28203125 0.70625 0.28203125 0.7296875 0.2734375 0.7296875
2 0.27421875 0.73515625 0.28359375 0.73671875 0.2796875 0.7640625 0.2703125 0.76328125
2 0.23515625 0.778125 0.25 0.778125 0.25 0.8078125 0.23515625 0.8078125
2 0.12421875 0.7703125 0.140625 0.7703125 0.140625 0.78515625 0.12421875 0.78515625
2 0.08046875 0.7453125 0.0859375 0.7453125 0.0859375 0.76171875 0.08046875 0.76171875
2 0.0703125 0.8109375 0.07890625 0.8078125 0.08984375 0.840625 0.08125 0.84375
2 0.06328125 0.8234375 0.07265625 0.81953125 0.0875 0.8546875 0.07890625 0.85859375
2 0.6171875 0.8828125 0.6375 0.8828125 0.6375 0.9375 0.6171875 0.9375
2 0.575 0.82734375 0.5953125 0.83125 0.5875 0.86796875 0.56796875 0.8640625
2 0.84296875 0.859375 0.87734375 0.83125 0.89375 0.8515625 0.859375 0.8796875
2 0.8125 0.8765625 0.8234375 0.88203125 0.80703125 0.91640625 0.79609375 0.9109375
2 0.8 0.97578125 0.81640625 0.97578125 0.81640625 1.0 0.8 1.0
2 0.85 0.73984375 0.87890625 0.73984375 0.87890625 0.76875 0.85 0.76875
2 0.81953125 0.70546875 0.83359375 0.696875 0.853125 0.7296875 0.8390625 0.73828125
2 0.8140625 0.6484375 0.82890625 0.6484375 0.82890625 0.6765625 0.8140625 0.6765625
2 0.771875 0.65078125 0.7828125 0.65703125 0.765625 0.68671875 0.7546875 0.68046875
2 0.36484375 0.54453125 0.3734375 0.55078125 0.3625 0.56640625 0.35390625 0.56015625
2 0.68515625 0.6453125 0.69296875 0.6484375 0.6859375 0.665625 0.678125 0.66171875
2 0.60859375 0.58359375 0.62109375 0.57109375 0.625 0.575 0.61171875 0.5875
2 0.77578125 0.0515625 0.78203125 0.0515625 0.78203125 0.06796875 0.77578125 0.06796875
2 0.81875 0.0796875 0.82734375 0.0796875 0.82734375 0.115625 0.81875 0.115625
2 0.7875 0.03828125 0.80078125 0.02265625 0.80546875 0.0265625 0.7921875 0.0421875
2 0.82265625 0.0078125 0.82890625 0.0140625 0.81171875 0.0296875 0.80546875 0.0234375
2 0.53671875 0.4125 0.546875 0.4125 0.546875 0.43203125 0.53671875 0.43203125
2 0.57265625 0.8015625 0.58984375 0.7859375 0.596875 0.79296875 0.57890625 0.80859375
2 0.66796875 0.784375 0.68203125 0.796875 0.66640625 0.815625 0.65234375 0.803125
2 0.68359375 0.78984375 0.70625 0.78984375 0.70625 0.8046875 0.68359375 0.8046875
2 0.50625 0.834375 0.51328125 0.83828125 0.50390625 0.85546875 0.496875 0.8515625
2 0.125 0.60546875 0.13359375 0.60546875 0.13359375 0.61796875 0.125 0.61796875
2 0.15625 0.62578125 0.16171875 0.62578125 0.16171875 0.63671875 0.15625 0.63671875
