2 0.82578125 0.09921875 0.86640625 0.11484375 0.859375 0.1328125 0.81875 0.11796875
2 0.940625 0.0953125 0.95625 0.08515625 0.97265625 0.1125 0.95703125 0.12265625
2 0.5125 0.0 0.575 0.0 0.575 0.015625 0.5125 0.015625
2 0.6703125 0.05703125 0.68125 0.0484375 0.7015625 0.075 0.690625 0.08359375
2 0.70390625 0.04375 0.73984375 0.04375 0.73984375 0.05703125 0.70390625 0.05703125
2 0.9625 0.06796875 0.9796875 0.06796875 0.9796875 0.0828125 0.9625 0.0828125
2 0.975 0.15703125 0.99921875 0.15703125 0.99921875 0.1875 0.975 0.1875
3 0.46640625 0.09921875 0.48046875 0.09921875 0.48046875 0.1078125 0.46640625 0.1078125
3 0.46484375 0.071875 0.47265625 0.071875 0.47265625 0.0828125 0.46484375 0.0828125
3 0.4359375 0.01796875 0.453125 0.01796875 0.453125 0.040625 0.4359375 0.040625
