2 0.9796875 0.77265625 0.9953125 0.78984375 0.98984375 0.79453125 0.97421875 0.77734375
2 0.69375 0.79921875 0.696875 0.80234375 0.68671875 0.8125 0.68359375 0.80859375
2 0.6625 0.7640625 0.6703125 0.7671875 0.6671875 0.775 0.659375 0.77109375
2 0.684375 0.75703125 0.70078125 0.7578125 0.70078125 0.765625 0.68359375 0.76484375
2 0.73125 0.7578125 0.746875 0.7515625 0.75 0.7578125 0.734375 0.7640625
2 0.71484375 0.77578125 0.72890625 0.77578125 0.72890625 0.78359375 0.71484375 0.78359375
2 0.753125 0.71953125 0.7671875 0.71953125 0.7671875 0.7265625 0.753125 0.7265625
2 0.78984375 0.76015625 0.8046875 0.76015625 0.8046875 0.7671875 0.78984375 0.7671875
2 0.88046875 0.73359375 0.88828125 0.73359375 0.88828125 0.73984375 0.88046875 0.73984375
2 0.9796875 0.61640625 0.98515625 0.61171875 0.99921875 0.6296875 0.99375 0.634375
2 0.953125 0.64609375 0.9703125 0.6328125 0.97421875 0.63828125 0.95703125 0.6515625
2 0.8890625 0.765625 0.90234375 0.7734375 0.89765625 0.78125 0.884375 0.7734375
2 0.95703125 0.73515625 0.965625 0.7421875 0.9578125 0.753125 0.9484375 0.74609375
2 0.828125 0.7484375 0.84140625 0.7484375 0.84140625 0.75625 0.828125 0.75625
3 0.3015625 0.403125 0.30625 0.403125 0.30625 0.4125 0.3015625 0.4125
3 0.55546875 0.5734375 0.5625 0.5734375 0.5625 0.58125 0.55546875 0.58125
3 0.59296875 0.028125 0.60390625 0.028125 0.60390625 0.03671875 0.59296875 0.03671875
3 0.81953125 0.3640625 0.825 0.3640625 0.825 0.37265625 0.81953125 0.37265625
3 0.28671875 0.3390625 0.29375 0.3390625 0.29375 0.34765625 0.28671875 0.34765625
2 0.46640625 0.8015625 0.471875 0.79609375 0.4921875 0.8171875 0.48671875 0.82265625
2 0.55234375 0.98203125 0.5625 0.98828125 0.55625 0.9984375 0.54609375 0.9921875
2 0.9671875 0.82734375 0.97890625 0.82265625 0.98125 0.828125 0.96953125 0.83359375
