0 0.15390625 0.79140625 0.1625 0.796875 0.15 0.815625 0.14140625 0.81015625
0 0.41640625 0.6140625 0.42109375 0.61796875 0.403125 0.64140625 0.3984375 0.6375
0 0.98046875 0.7796875 0.9859375 0.77421875 0.9984375 0.78671875 0.99296875 0.7921875
0 0.88046875 0.44609375 0.884375 0.45 0.86875 0.4671875 0.8640625 0.46328125
0 0.59375 0.65625 0.615625 0.646875 0.6203125 0.65859375 0.59921875 0.6671875
0 0.84140625 0.47109375 0.84609375 0.475 0.83046875 0.49140625 0.8265625 0.4875
0 0.41953125 0.5265625 0.4234375 0.528125 0.41796875 0.5515625 0.41328125 0.55
0 0.30703125 0.61171875 0.31171875 0.615625 0.3015625 0.628125 0.29609375 0.6234375
3 0.2921875 0.77109375 0.2953125 0.77109375 0.2953125 0.775 0.2921875 0.775
0 0.1625 0.8203125 0.16875 0.82265625 0.15703125 0.8484375 0.15078125 0.84609375
0 0.959375 0.52578125 0.975 0.52578125 0.975 0.53828125 0.959375 0.53828125
0 0.8625 0.1203125 0.86796875 0.11796875 0.87421875 0.134375 0.86875 0.13671875
0 0.3875 0.37421875 0.3921875 0.37734375 0.3828125 0.3921875 0.378125 0.3890625
