2 0.42421875 0.059375 0.43203125 0.0671875 0.41796875 0.08359375 0.409375 0.07578125
2 0.37421875 0.12265625 0.3828125 0.12890625 0.36796875 0.15 0.359375 0.14375
2 0.221875 0.015625 0.240625 0.015625 0.240625 0.03046875 0.221875 0.03046875
2 0.10703125 0.040625 0.11640625 0.040625 0.11640625 0.05859375 0.10703125 0.05859375
2 0.0609375 0.08515625 0.065625 0.0921875 0.05 0.10234375 0.0453125 0.0953125
2 0.1390625 0.18671875 0.1625 0.171875 0.17265625 0.18671875 0.14921875 0.20234375
3 0.7640625 0.62890625 0.775 0.62890625 0.775 0.64296875 0.7640625 0.64296875
3 0.75546875 0.57734375 0.7625 0.57734375 0.7625 0.58359375 0.75546875 0.58359375
3 0.93203125 0.46484375 0.93984375 0.46484375 0.93984375 0.47265625 0.93203125 0.47265625
3 0.365625 0.56328125 0.371875 0.56328125 0.371875 0.5671875 0.365625 0.5671875
3 0.92265625 0.01328125 0.934375 0.01328125 0.934375 0.03125 0.92265625 0.03125
