1 0.153125 0.5625 0.18671875 0.5546875 0.1921875 0.5765625 0.15859375 0.584375
1 0.7609375 0.240625 0.76953125 0.240625 0.76953125 0.25625 0.7609375 0.25625
1 0.9609375 0.5140625 0.9765625 0.50859375 0.98046875 0.51796875 0.9640625 0.5234375
1 0.41640625 0.6703125 0.4265625 0.6703125 0.4265625 0.68359375 0.41640625 0.68359375
1 0.36171875 0.7296875 0.37109375 0.7296875 0.37109375 0.746875 0.36171875 0.746875
1 0.4046875 0.77109375 0.428125 0.77109375 0.428125 0.7875 0.4046875 0.7875
1 0.490625 0.7046875 0.49921875 0.71328125 0.48359375 0.728125 0.47578125 0.71953125
1 0.425 0.69453125 0.47890625 0.6875 0.48125 0.70703125 0.428125 0.7140625
1 0.975 0.90390625 1.0 0.9109375 0.99765625 0.91953125 0.97265625 0.91328125
1 0.990625 0.86484375 0.99921875 0.86484375 0.99921875 0.87421875 0.990625 0.87421875
1 0.590625 0.3765625 0.6125 0.36875 0.615625 0.3765625 0.59375 0.38515625
3 0.528125 0.325 0.5328125 0.32265625 0.5375 0.33046875 0.53203125 0.33359375
1 0.046875 0.925 0.07578125 0.93046875 0.07421875 0.9375 0.0453125 0.93203125
1 0.2109375 0.87734375 0.221875 0.88125 0.215625 0.896875 0.2046875 0.8921875
3 0.23359375 0.38515625 0.25390625 0.38515625 0.25390625 0.39453125 0.23359375 0.39453125
1 0.47578125 0.54609375 0.48984375 0.54609375 0.48984375 0.559375 0.47578125 0.559375
1 0.765625 0.46875 0.771875 0.459375 0.7984375 0.47734375 0.7921875 0.4859375
