0 0.01640625 0.11875 0.02734375 0.11875 0.02734375 0.13125 0.01640625 0.13125
0 0.0265625 0.10703125 0.05234375 0.09375 0.05859375 0.10625 0.03359375 0.11953125
0 0.10546875 0.1140625 0.12265625 0.1140625 0.12265625 0.128125 0.10546875 0.128125
0 0.13671875 0.13203125 0.15703125 0.13203125 0.15703125 0.14375 0.13671875 0.14375
0 0.16484375 0.03359375 0.18125 0.03359375 0.18125 0.04296875 0.16484375 0.04296875
0 0.24375 0.07421875 0.2609375 0.0875 0.25546875 0.09453125 0.23828125 0.08125
0 0.3796875 0.09140625 0.4421875 0.09140625 0.4421875 0.09921875 0.3796875 0.09921875
0 0.1234375 0.27890625 0.14765625 0.26484375 0.15078125 0.2703125 0.1265625 0.284375
0 0.19375 0.26875 0.2515625 0.2515625 0.2546875 0.2609375 0.196875 0.278125
0 0.40859375 0.23046875 0.43125 0.23046875 0.43125 0.2375 0.40859375 0.2375
0 0.44453125 0.21640625 0.47734375 0.21640625 0.47734375 0.22890625 0.44453125 0.22890625
0 0.48046875 0.22109375 0.49609375 0.22109375 0.49609375 0.228125 0.48046875 0.228125
0 0.4671875 0.1796875 0.50546875 0.16328125 0.509375 0.17265625 0.47109375 0.1890625
0 0.60546875 0.14296875 0.63046875 0.13359375 0.63359375 0.14296875 0.609375 0.15234375
0 0.65859375 0.103125 0.678125 0.09609375 0.68203125 0.10546875 0.6625 0.11328125
0 0.5828125 0.19140625 0.603125 0.18359375 0.60546875 0.19140625 0.58515625 0.19921875
0 0.5921875 0.19921875 0.61796875 0.1875 0.621875 0.1953125 0.5953125 0.20703125
0 0.6203125 0.18828125 0.640625 0.1796875 0.64296875 0.18671875 0.62265625 0.1953125
0 0.6421875 0.17890625 0.665625 0.16953125 0.66953125 0.178125 0.6453125 0.1875
0 0.671875 0.16875 0.7046875 0.16875 0.7046875 0.18125 0.671875 0.18125
0 0.7 0.18671875 0.73125 0.18671875 0.73125 0.19453125 0.7 0.19453125
0 0.7328125 0.1828125 0.78359375 0.17734375 0.784375 0.1875 0.73359375 0.19296875
0 0.74609375 0.06171875 0.76015625 0.06171875 0.76015625 0.07109375 0.74609375 0.07109375
0 0.878125 0.06953125 0.89375 0.06484375 0.896875 0.07421875 0.88125 0.07890625
0 0.8875 0.03359375 0.90625 0.03359375 0.90625 0.0421875 0.8875 0.0421875
0 0.86015625 0.01640625 0.8703125 0.01171875 0.8734375 0.01875 0.8640625 0.0234375
0 0.603125 0.02578125 0.61796875 0.01015625 0.62890625 0.02109375 0.61328125 0.0359375
0 0.5171875 0.0125 0.53046875 0.0125 0.53046875 0.028125 0.5171875 0.028125
3 0.53671875 0.5078125 0.54375 0.5078125 0.54375 0.51328125 0.53671875 0.51328125
3 0.67265625 0.490625 0.6875 0.490625 0.6875 0.49921875 0.67265625 0.49921875
