2 0.4328125 0.3546875 0.4421875 0.34921875 0.44921875 0.3609375 0.43984375 0.3671875
2 0.3125 0.746875 0.31640625 0.75234375 0.29296875 0.771875 0.28828125 0.76640625
2 0.2484375 0.07421875 0.25390625 0.0796875 0.23828125 0.096875 0.23203125 0.09140625
2 0.92109375 0.7421875 0.9359375 0.74375 0.934375 0.7578125 0.91953125 0.75625
2 0.84296875 0.74375 0.85703125 0.73359375 0.8625 0.74140625 0.8484375 0.7515625
2 0.83125 0.75546875 0.84140625 0.75703125 0.83984375 0.775 0.82890625 0.7734375
2 0.84375 0.7890625 0.8640625 0.7890625 0.8640625 0.79765625 0.84375 0.79765625
2 0.45390625 0.0265625 0.46015625 0.0265625 0.46015625 0.03359375 0.45390625 0.03359375
2 0.67265625 0.603125 0.68125 0.5984375 0.6953125 0.628125 0.68671875 0.63203125
2 0.64140625 0.52890625 0.6546875 0.52890625 0.6546875 0.53828125 0.64140625 0.53828125
2 0.43046875 0.2390625 0.4375 0.24453125 0.42421875 0.26015625 0.41796875 0.2546875
2 0.18125 0.16015625 0.1875 0.1671875 0.16953125 0.18203125 0.16328125 0.17421875
