0 0.64609375 0.87421875 0.671875 0.87421875 0.671875 0.88125 0.64609375 0.88125
0 0.690625 0.6890625 0.71015625 0.6859375 0.7109375 0.68984375 0.690625 0.69296875
0 0.7765625 0.68828125 0.78671875 0.68359375 0.78828125 0.68828125 0.778125 0.6921875
0 0.940625 0.64375 0.965625 0.63828125 0.9671875 0.64296875 0.9421875 0.64921875
0 0.93203125 0.65 0.940625 0.65 0.940625 0.65546875 0.93203125 0.65546875
3 0.97578125 0.646875 0.9796875 0.646875 0.9796875 0.6515625 0.97578125 0.6515625
0 0.76484375 0.87890625 0.79140625 0.87890625 0.79140625 0.884375 0.76484375 0.884375
0 0.46875 0.71015625 0.48046875 0.71015625 0.48046875 0.7171875 0.46875 0.7171875
0 0.553125 0.77421875 0.56328125 0.77421875 0.56328125 0.7875 0.553125 0.7875
0 0.3234375 0.83984375 0.334375 0.83984375 0.334375 0.85390625 0.3234375 0.85390625
0 0.27421875 0.8375 0.2796875 0.83515625 0.2859375 0.84765625 0.2796875 0.85
0 0.19453125 0.80390625 0.215625 0.8109375 0.21328125 0.8171875 0.1921875 0.81015625
0 0.26328125 0.80546875 0.2703125 0.80546875 0.2703125 0.81328125 0.26328125 0.81328125
0 0.1875 0.92734375 0.20703125 0.93984375 0.20390625 0.9453125 0.184375 0.93359375
0 0.31015625 0.7375 0.315625 0.740625 0.303125 0.7578125 0.2984375 0.7546875
0 0.5984375 0.70546875 0.6140625 0.70546875 0.6140625 0.71328125 0.5984375 0.71328125
0 0.6390625 0.6984375 0.66015625 0.6921875 0.6609375 0.6953125 0.640625 0.7015625
0 0.678125 0.68984375 0.68984375 0.68984375 0.68984375 0.69453125 0.678125 0.69453125
0 0.06015625 0.746875 0.078125 0.746875 0.078125 0.75625 0.06015625 0.75625
0 0.10703125 0.7296875 0.1609375 0.7296875 0.1609375 0.7421875 0.10703125 0.7421875
0 0.5140625 0.95625 0.53203125 0.95625 0.53203125 0.9671875 0.5140625 0.9671875
3 0.3359375 0.84375 0.34453125 0.84375 0.34453125 0.84921875 0.3359375 0.84921875
3 0.34765625 0.85 0.3578125 0.85 0.3578125 0.86015625 0.34765625 0.86015625
3 0.4234375 0.8765625 0.4265625 0.8765625 0.4265625 0.88125 0.4234375 0.88125
3 0.36640625 0.95546875 0.37265625 0.95546875 0.37265625 0.96328125 0.36640625 0.96328125
3 0.66328125 0.66875 0.66796875 0.66875 0.66796875 0.6734375 0.66328125 0.6734375
3 0.43125 0.67421875 0.440625 0.67421875 0.440625 0.68125 0.43125 0.68125
0 0.41796875 0.69140625 0.43203125 0.68359375 0.43671875 0.6921875 0.421875 0.7
3 0.29765625 0.58984375 0.3046875 0.58984375 0.3046875 0.59609375 0.29765625 0.59609375
