1 0.08984375 0.09375 0.09765625 0.0984375 0.08359375 0.12265625 0.07578125 0.11796875
1 0.09453125 0.07421875 0.10078125 0.078125 0.08984375 0.0953125 0.08359375 0.09140625
1 0.075 0.36796875 0.0828125 0.3734375 0.07265625 0.38671875 0.065625 0.38125
1 0.00546875 0.38203125 0.01171875 0.38515625 0.00546875 0.3984375 0.0 0.3953125
1 0.00859375 0.37421875 0.01796875 0.37421875 0.01796875 0.3828125 0.00859375 0.3828125
1 0.05703125 0.34140625 0.0640625 0.34140625 0.0640625 0.35234375 0.05703125 0.35234375
1 0.05625 0.384375 0.06328125 0.3859375 0.059375 0.3984375 0.053125 0.396875
1 0.01796875 0.53359375 0.03125 0.5140625 0.03671875 0.51796875 0.0234375 0.5375
1 0.21640625 0.24140625 0.22578125 0.2453125 0.2125 0.27734375 0.203125 0.27421875
1 0.29296875 0.11796875 0.3234375 0.08515625 0.32890625 0.090625 0.2984375 0.12265625
1 0.28515625 0.0640625 0.30546875 0.0359375 0.31171875 0.04140625 0.29140625 0.06953125
1 0.2828125 0.07265625 0.28984375 0.0765625 0.28046875 0.0921875 0.27421875 0.0890625
1 0.265625 0.07109375 0.27109375 0.07421875 0.25234375 0.10625 0.246875 0.103125
1 0.146875 0.1796875 0.15703125 0.1796875 0.15703125 0.18828125 0.146875 0.18828125
1 0.203125 0.2125 0.21015625 0.2125 0.21015625 0.228125 0.203125 0.228125
1 0.25703125 0.16328125 0.26171875 0.165625 0.2453125 0.19453125 0.240625 0.19140625
1 0.26875 0.14921875 0.27421875 0.1515625 0.26015625 0.1828125 0.25546875 0.18046875
1 0.24375 0.1953125 0.2484375 0.19765625 0.24375 0.20859375 0.2390625 0.20703125
1 0.0109375 0.4109375 0.01875 0.4109375 0.01875 0.4171875 0.0109375 0.4171875
1 0.0296875 0.40546875 0.03515625 0.40859375 0.028125 0.421875 0.02265625 0.41875
1 0.0125 0.346875 0.01953125 0.3390625 0.02265625 0.34140625 0.01640625 0.35
1 0.0015625 0.32109375 0.00546875 0.32265625 0.00234375 0.33046875 -0.00078125 0.32890625
1 0.0 0.5421875 0.01328125 0.52734375 0.01640625 0.5296875 0.003125 0.54453125
1 0.02421875 0.515625 0.03828125 0.50234375 0.04140625 0.50546875 0.02734375 0.51875
1 0.346875 0.06328125 0.36171875 0.04140625 0.3703125 0.04765625 0.35546875 0.06953125
3 0.02890625 0.07265625 0.034375 0.07265625 0.034375 0.078125 0.02890625 0.078125
1 0.096875 -0.0015625 0.10625 0.00390625 0.09375 0.02265625 0.084375 0.01640625
1 0.0484375 0.01953125 0.06015625 0.01953125 0.06015625 0.0296875 0.0484375 0.0296875
1 0.05703125 0.0390625 0.06484375 0.04296875 0.05625 0.059375 0.0484375 0.0546875
1 0.071875 0.06953125 0.08125 0.07421875 0.0703125 0.09609375 0.0609375 0.09140625
1 0.12421875 0.08203125 0.13046875 0.0859375 0.11953125 0.1046875 0.1125 0.10078125
1 0.1546875 0.025 0.16171875 0.0296875 0.146875 0.05390625 0.1390625 0.04921875
1 0.20234375 0.00859375 0.21015625 0.01328125 0.19375 0.04296875 0.18515625 0.03828125
