1 0.83203125 0.09921875 0.86328125 0.0875 0.86796875 0.10078125 0.83671875 0.1125
3 0.56328125 0.13203125 0.5703125 0.13203125 0.5703125 0.13515625 0.56328125 0.13515625
3 0.65859375 0.10390625 0.665625 0.10390625 0.665625 0.1078125 0.65859375 0.1078125
1 0.4 0.15703125 0.42265625 0.14375 0.4265625 0.15078125 0.40390625 0.1640625
1 0.0484375 0.09921875 0.0625 0.09921875 0.0625 0.11015625 0.0484375 0.11015625
1 0.13359375 0.07109375 0.1390625 0.07578125 0.12421875 0.0953125 0.11875 0.090625
1 0.15859375 0.078125 0.165625 0.078125 0.165625 0.09140625 0.15859375 0.09140625
1 0.16328125 0.0484375 0.16953125 0.0484375 0.16953125 0.0546875 0.16328125 0.0546875
1 0.07109375 0.23046875 0.0953125 0.24296875 0.09140625 0.25078125 0.0671875 0.23828125
1 0.58515625 0.2015625 0.6109375 0.209375 0.60625 0.22421875 0.58046875 0.21640625
1 0.93125 0.25625 0.93984375 0.2453125 0.98828125 0.28515625 0.9796875 0.2953125
3 0.14140625 0.38203125 0.14765625 0.38203125 0.14765625 0.38671875 0.14140625 0.38671875
3 0.21484375 0.47421875 0.221875 0.47421875 0.221875 0.48125 0.21484375 0.48125
3 0.1734375 0.56953125 0.18125 0.56953125 0.18125 0.5765625 0.1734375 0.5765625
1 0.75703125 0.515625 0.7671875 0.515625 0.7671875 0.52578125 0.75703125 0.52578125
1 0.7109375 0.47265625 0.73125 0.45859375 0.73515625 0.4640625 0.71484375 0.478125
1 0.959375 0.48984375 0.98125 0.48984375 0.98125 0.49921875 0.959375 0.49921875
3 0.9 0.4875 0.90390625 0.4875 0.90390625 0.49375 0.9 0.49375
3 0.69453125 0.49140625 0.7 0.49140625 0.7 0.49453125 0.69453125 0.49453125
3 0.70625 0.55390625 0.71171875 0.55390625 0.71171875 0.5578125 0.70625 0.5578125
1 0.48359375 0.54375 0.496875 0.54375 0.496875 0.55234375 0.48359375 0.55234375
3 0.26328125 0.39765625 0.26875 0.39765625 0.26875 0.40234375 0.26328125 0.40234375
3 0.29140625 0.44609375 0.29609375 0.44609375 0.29609375 0.45078125 0.29140625 0.45078125
1 0.9375 0.2859375 0.946875 0.275 0.959375 0.2859375 0.95 0.296875
3 0.9515625 0.1765625 0.95703125 0.1765625 0.95703125 0.18125 0.9515625 0.18125
3 0.278125 0.83828125 0.28203125 0.83828125 0.28203125 0.84296875 0.278125 0.84296875
3 0.27265625 0.834375 0.2765625 0.834375 0.2765625 0.83828125 0.27265625 0.83828125
1 0.18515625 0.0109375 0.19140625 0.01328125 0.18203125 0.0375 0.175 0.03515625
1 0.21015625 0.03046875 0.21484375 0.034375 0.2046875 0.046875 0.2 0.04296875
1 0.1515625 0.0515625 0.159375 0.0515625 0.159375 0.05859375 0.1515625 0.05859375
1 0.19296875 0.55390625 0.20390625 0.54453125 0.20859375 0.55 0.196875 0.559375
1 0.7578125 0.9109375 0.76640625 0.90234375 0.7921875 0.93125 0.78359375 0.9390625
1 0.546875 0.6921875 0.55390625 0.69765625 0.540625 0.71640625 0.5328125 0.7109375
