0 0.0734375 0.60859375 0.103125 0.60078125 0.1046875 0.6078125 0.07578125 0.61484375
0 0.03515625 0.47890625 0.05625 0.47890625 0.05625 0.48828125 0.03515625 0.48828125
0 0.06796875 0.4703125 0.08828125 0.46640625 0.08984375 0.471875 0.06875 0.47578125
0 0.08515625 0.36171875 0.10703125 0.36171875 0.10703125 0.371875 0.08515625 0.371875
0 0.12890625 0.37890625 0.14140625 0.37890625 0.14140625 0.3859375 0.12890625 0.3859375
0 0.09921875 0.334375 0.11484375 0.334375 0.11484375 0.340625 0.09921875 0.340625
0 0.1671875 0.31875 0.1828125 0.31875 0.1828125 0.3234375 0.1671875 0.3234375
0 0.184375 0.27265625 0.2171875 0.26875 0.21796875 0.2765625 0.18515625 0.28046875
0 0.31484375 0.28046875 0.33203125 0.28046875 0.33203125 0.28828125 0.31484375 0.28828125
0 0.3140625 0.2671875 0.32109375 0.2671875 0.32109375 0.27265625 0.3140625 0.27265625
0 0.33203125 0.26875 0.34140625 0.26875 0.34140625 0.27421875 0.33203125 0.27421875
0 0.25 0.35625 0.27109375 0.35625 0.27109375 0.3640625 0.25 0.3640625
0 0.015625 0.3015625 0.0359375 0.29296875 0.0375 0.29765625 0.0171875 0.30546875
0 0.0296875 0.30703125 0.0484375 0.2984375 0.05078125 0.3046875 0.03203125 0.31328125
0 0.33125 0.54921875 0.37265625 0.54921875 0.37265625 0.56171875 0.33125 0.56171875
0 0.4171875 0.57890625 0.45546875 0.57265625 0.45625 0.57890625 0.41796875 0.58515625
0 0.4796875 0.56171875 0.50703125 0.56171875 0.50703125 0.5703125 0.4796875 0.5703125
0 0.50078125 0.5546875 0.52109375 0.54609375 0.52265625 0.55078125 0.503125 0.559375
0 0.6390625 0.540625 0.65390625 0.53515625 0.65546875 0.5390625 0.640625 0.54453125
0 0.61953125 0.5390625 0.634375 0.534375 0.6359375 0.53984375 0.62109375 0.54453125
0 0.66328125 0.53046875 0.69375 0.521875 0.6953125 0.528125 0.66484375 0.5359375
0 0.7765625 0.55859375 0.80546875 0.55546875 0.80625 0.5640625 0.778125 0.56796875
0 0.85703125 0.49609375 0.8796875 0.49140625 0.88125 0.49765625 0.8578125 0.50234375
0 0.71015625 0.5296875 0.72734375 0.521875 0.73046875 0.52890625 0.7125 0.5359375
0 0.68125 0.41875 0.6875 0.421875 0.6828125 0.43046875 0.67578125 0.4265625
0 0.4375 0.3734375 0.4765625 0.39609375 0.47265625 0.403125 0.43359375 0.38046875
0 0.38984375 0.3796875 0.396875 0.3796875 0.396875 0.3890625 0.38984375 0.3890625
0 0.33046875 0.41796875 0.34296875 0.41796875 0.34296875 0.42421875 0.33046875 0.42421875
0 0.28984375 0.4453125 0.29765625 0.4453125 0.29765625 0.45234375 0.28984375 0.45234375
0 0.3109375 0.44453125 0.3171875 0.44453125 0.3171875 0.4546875 0.3109375 0.4546875
0 0.22734375 0.46171875 0.24140625 0.46171875 0.24140625 0.46640625 0.22734375 0.46640625
0 0.51171875 0.11328125 0.521875 0.1203125 0.51796875 0.12578125 0.5078125 0.11875
0 0.51171875 0.1375 0.5203125 0.1296875 0.5234375 0.134375 0.51484375 0.14140625
0 0.53046875 0.1375 0.54296875 0.1375 0.54296875 0.1546875 0.53046875 0.1546875
0 0.21640625 0.190625 0.2375 0.18203125 0.23984375 0.1875 0.21875 0.19609375
0 0.40625 0.271875 0.43828125 0.2671875 0.4390625 0.27421875 0.40703125 0.27890625
0 0.403125 0.26328125 0.41796875 0.26328125 0.41796875 0.2671875 0.403125 0.2671875
0 0.41875 0.259375 0.434375 0.26328125 0.43359375 0.265625 0.41796875 0.2625
0 0.3796875 0.26484375 0.39921875 0.26171875 0.4 0.26484375 0.38046875 0.26796875
0 0.48671875 0.2484375 0.49921875 0.23671875 0.5015625 0.23984375 0.48984375 0.2515625
0 0.51015625 0.2359375 0.52109375 0.23046875 0.521875 0.23359375 0.51171875 0.2390625
0 0.56171875 0.24296875 0.584375 0.23984375 0.584375 0.24375 0.5625 0.246875
0 0.52734375 0.2734375 0.5375 0.2703125 0.53828125 0.2734375 0.52890625 0.2765625
0 0.5484375 0.22109375 0.55703125 0.22109375 0.55703125 0.24140625 0.5484375 0.24140625
0 0.61015625 0.2234375 0.62421875 0.2234375 0.62421875 0.23046875 0.61015625 0.23046875
0 0.6890625 0.184375 0.70390625 0.19609375 0.69921875 0.2015625 0.68515625 0.18984375
0 0.72890625 0.24921875 0.7515625 0.24453125 0.75234375 0.24921875 0.7296875 0.253125
0 0.7015625 0.24921875 0.70859375 0.24921875 0.70859375 0.253125 0.7015625 0.253125
0 0.80390625 0.2328125 0.82109375 0.22578125 0.8234375 0.2296875 0.80625 0.23671875
0 0.8296875 0.240625 0.84296875 0.240625 0.84296875 0.25 0.8296875 0.25
0 0.846875 0.2375 0.8609375 0.234375 0.8625 0.24140625 0.8484375 0.24453125
0 0.89375 0.21171875 0.90390625 0.21171875 0.90390625 0.21640625 0.89375 0.21640625
0 0.81953125 0.1921875 0.828125 0.1875 0.83125 0.19375 0.82265625 0.1984375
0 0.8234375 0.1765625 0.84140625 0.16953125 0.8421875 0.1734375 0.825 0.18046875
0 0.86875 0.15859375 0.88671875 0.15078125 0.88828125 0.15390625 0.8703125 0.16171875
0 0.9046875 0.16640625 0.92421875 0.15859375 0.9265625 0.1640625 0.90703125 0.171875
0 0.89609375 0.1765625 0.91640625 0.1765625 0.91640625 0.18203125 0.89609375 0.18203125
0 0.8796875 0.1671875 0.890625 0.1625 0.8921875 0.16640625 0.88125 0.17109375
0 0.56328125 0.31015625 0.5796875 0.31015625 0.5796875 0.33203125 0.56328125 0.33203125
0 0.5125 0.36171875 0.5359375 0.375 0.5328125 0.3796875 0.509375 0.3671875
0 0.8296875 0.4390625 0.84140625 0.4390625 0.84140625 0.45234375 0.8296875 0.45234375
0 0.8203125 0.46171875 0.8421875 0.46171875 0.8421875 0.4671875 0.8203125 0.4671875
0 0.81640625 0.459375 0.83515625 0.4515625 0.83671875 0.4546875 0.8171875 0.4625
0 0.80078125 0.359375 0.8328125 0.359375 0.8328125 0.3703125 0.80078125 0.3703125
0 0.2375 0.27890625 0.2703125 0.27890625 0.2703125 0.2890625 0.2375 0.2890625
0 0.46875 0.61796875 0.49765625 0.61015625 0.5 0.6171875 0.4703125 0.62578125
0 0.640625 0.26328125 0.66328125 0.26328125 0.66328125 0.27109375 0.640625 0.27109375
0 0.575 0.24609375 0.5953125 0.24609375 0.5953125 0.2515625 0.575 0.2515625
0 0.74765625 0.25234375 0.77265625 0.25234375 0.77265625 0.26015625 0.74765625 0.26015625
3 0.259375 0.4046875 0.26484375 0.4046875 0.26484375 0.41171875 0.259375 0.41171875
3 0.31640625 0.38359375 0.3203125 0.38359375 0.3203125 0.38828125 0.31640625 0.38828125
3 0.3140625 0.3765625 0.31875 0.3765625 0.31875 0.38125 0.3140625 0.38125
3 0.4375 0.384375 0.440625 0.384375 0.440625 0.3875 0.4375 0.3875
3 0.5125 0.4015625 0.5171875 0.4015625 0.5171875 0.40703125 0.5125 0.40703125
3 0.51171875 0.33671875 0.51875 0.33671875 0.51875 0.34296875 0.51171875 0.34296875
3 0.49296875 0.31328125 0.49921875 0.31328125 0.49921875 0.31796875 0.49296875 0.31796875
3 0.55625 0.3203125 0.56015625 0.3203125 0.56015625 0.32421875 0.55625 0.32421875
3 0.559375 0.31640625 0.56328125 0.31640625 0.56328125 0.3203125 0.559375 0.3203125
3 0.60390625 0.28125 0.6125 0.28125 0.6125 0.2875 0.60390625 0.2875
3 0.60625 0.23203125 0.61015625 0.23203125 0.61015625 0.23671875 0.60625 0.23671875
3 0.66484375 0.2765625 0.66953125 0.2765625 0.66953125 0.28046875 0.66484375 0.28046875
3 0.7125 0.2 0.71640625 0.2 0.71640625 0.2046875 0.7125 0.2046875
3 0.9578125 0.25390625 0.96171875 0.25390625 0.96171875 0.25859375 0.9578125 0.25859375
3 0.96015625 0.275 0.96484375 0.275 0.96484375 0.27890625 0.96015625 0.27890625
3 0.990625 0.26875 0.99453125 0.26875 0.99453125 0.2734375 0.990625 0.2734375
3 0.98203125 0.29765625 0.98515625 0.29765625 0.98515625 0.3015625 0.98203125 0.3015625
3 0.9296875 0.30078125 0.93359375 0.30078125 0.93359375 0.3046875 0.9296875 0.3046875
3 0.259375 0.63359375 0.271875 0.63359375 0.271875 0.64375 0.259375 0.64375
3 0.26015625 0.76484375 0.2671875 0.76484375 0.2671875 0.771875 0.26015625 0.771875
3 0.8296875 0.3015625 0.83359375 0.3015625 0.83359375 0.30625 0.8296875 0.30625
3 0.75859375 0.3234375 0.76328125 0.3234375 0.76328125 0.32890625 0.75859375 0.32890625
3 0.68515625 0.3390625 0.6890625 0.3390625 0.6890625 0.34296875 0.68515625 0.34296875
3 0.5484375 0.11875 0.5515625 0.11875 0.5515625 0.12109375 0.5484375 0.12109375
3 0.74609375 0.128125 0.7515625 0.128125 0.7515625 0.13359375 0.74609375 0.13359375
3 0.70703125 0.1296875 0.71328125 0.1296875 0.71328125 0.13515625 0.70703125 0.13515625
3 0.7171875 0.1171875 0.7203125 0.1171875 0.7203125 0.12265625 0.7171875 0.12265625
3 0.7109375 0.1203125 0.71484375 0.1203125 0.71484375 0.12421875 0.7109375 0.12421875
3 0.7234375 0.11875 0.7265625 0.11875 0.7265625 0.12265625 0.7234375 0.12265625
3 0.7328125 0.11015625 0.746875 0.12265625 0.728125 0.14296875 0.7140625 0.13046875
