1 0.93671875 0.67890625 0.946875 0.67890625 0.946875 0.68671875 0.93671875 0.68671875
1 0.4421875 0.84296875 0.48203125 0.8328125 0.48359375 0.83828125 0.44375 0.84921875
1 0.4953125 0.93203125 0.50703125 0.93203125 0.50703125 0.94140625 0.4953125 0.94140625
1 0.39921875 0.93984375 0.403125 0.93984375 0.403125 0.946875 0.39921875 0.946875
1 0.18828125 0.9953125 0.23203125 0.96875 0.23671875 0.9765625 0.1921875 1.00234375
1 0.209375 0.94453125 0.240625 0.93125 0.24296875 0.93828125 0.21171875 0.9515625
1 0.6140625 0.93203125 0.625 0.93203125 0.625 0.9421875 0.6140625 0.9421875
1 0.61171875 0.9171875 0.62421875 0.9171875 0.62421875 0.92421875 0.61171875 0.92421875
1 0.7390625 0.96484375 0.7578125 0.96484375 0.7578125 0.97265625 0.7390625 0.97265625
1 0.7 0.98359375 0.7078125 0.98359375 0.7078125 0.990625 0.7 0.990625
1 0.71640625 0.98671875 0.73203125 0.98671875 0.73203125 0.99453125 0.71640625 0.99453125
1 0.7453125 0.9515625 0.7578125 0.9515625 0.7578125 0.959375 0.7453125 0.959375
1 0.8140625 0.8859375 0.83203125 0.8796875 0.83515625 0.8875 0.8171875 0.89453125
1 0.696875 0.859375 0.71484375 0.87265625 0.709375 0.88125 0.69140625 0.86796875
1 0.66796875 0.82734375 0.71015625 0.82734375 0.71015625 0.83515625 0.66796875 0.83515625
1 0.7515625 0.80546875 0.77109375 0.80546875 0.77109375 0.81484375 0.7515625 0.81484375
1 0.74375 0.778125 0.75625 0.7875 0.75078125 0.79375 0.73828125 0.78359375
1 0.91171875 0.9546875 0.925 0.9546875 0.925 0.96484375 0.91171875 0.96484375
1 0.96640625 0.96484375 0.98125 0.96484375 0.98125 0.97265625 0.96640625 0.97265625
1 0.921875 0.92890625 0.94609375 0.91875 0.94921875 0.9265625 0.925 0.93671875
1 0.9 0.99140625 0.925 0.99140625 0.925 0.99921875 0.9 0.99921875
1 0.90390625 0.909375 0.9171875 0.909375 0.9171875 0.915625 0.90390625 0.915625
1 0.771875 0.9625 0.78515625 0.9625 0.78515625 0.97265625 0.771875 0.97265625
1 0.85 0.75625 0.859375 0.75625 0.859375 0.76640625 0.85 0.76640625
1 0.86640625 0.71640625 0.88203125 0.70703125 0.8859375 0.71484375 0.8703125 0.72421875
1 0.9140625 0.690625 0.94375 0.65546875 0.95234375 0.6625 0.92265625 0.69765625
1 0.92421875 0.63828125 0.9078125 0.65390625 0.90390625 0.65 0.9203125 0.63359375
1 0.8828125 0.65703125 0.8953125 0.64921875 0.8984375 0.65390625 0.8859375 0.6625
1 0.95703125 0.64453125 0.9796875 0.62734375 0.984375 0.6328125 0.96171875 0.65078125
1 0.9890625 0.61015625 0.99765625 0.6140625 0.98984375 0.63046875 0.98125 0.62578125
1 0.9609375 0.6609375 0.97265625 0.64453125 0.97578125 0.646875 0.96484375 0.66328125
1 0.8953125 0.6703125 0.90546875 0.65859375 0.909375 0.66171875 0.89921875 0.6734375
