2 0.5453125 0.32734375 0.5625 0.32734375 0.5625 0.33828125 0.5453125 0.33828125
2 0.88984375 0.03828125 0.89921875 0.03828125 0.89921875 0.0515625 0.88984375 0.0515625
2 0.84296875 0.45390625 0.84765625 0.46171875 0.83359375 0.46953125 0.8296875 0.46171875
2 0.7765625 0.49453125 0.79375 0.49453125 0.79375 0.50703125 0.7765625 0.50703125
2 0.76484375 0.3484375 0.77109375 0.3546875 0.74921875 0.3765625 0.74296875 0.3703125
2 0.38828125 0.515625 0.4015625 0.515625 0.4015625 0.52890625 0.38828125 0.52890625
2 0.4609375 0.75390625 0.47890625 0.75390625 0.47890625 0.7671875 0.4609375 0.7671875
2 0.26171875 0.3125 0.27265625 0.31015625 0.2765625 0.325 0.265625 0.328125
2 0.2171875 0.040625 0.2375 0.04921875 0.234375 0.0578125 0.2140625 0.04921875
2 0.0578125 0.7421875 0.0703125 0.7359375 0.07421875 0.74296875 0.0609375 0.74921875
2 0.965625 0.096875 0.971875 0.1015625 0.9625 0.1140625 0.95625 0.109375
