2 0.7953125 0.92421875 0.80859375 0.92421875 0.80859375 0.93828125 0.7953125 0.93828125
2 0.8875 0.91171875 0.8921875 0.90859375 0.90546875 0.92890625 0.90078125 0.93203125
2 0.24609375 0.896875 0.275 0.896875 0.275 0.90625 0.24609375 0.90625
2 0.16484375 0.8671875 0.18203125 0.8671875 0.18203125 0.87890625 0.16484375 0.87890625
2 0.00078125 0.884375 0.0125 0.884375 0.0125 0.9 0.00078125 0.9
2 0.571875 0.6734375 0.5890625 0.6734375 0.5890625 0.68671875 0.571875 0.68671875
2 0.7046875 0.60859375 0.7140625 0.6 0.7328125 0.61875 0.7234375 0.62734375
2 0.12265625 0.53671875 0.1421875 0.53671875 0.1421875 0.55703125 0.12265625 0.55703125
2 0.1890625 0.6015625 0.1984375 0.6125 0.178125 0.62890625 0.16953125 0.61875
2 0.64140625 0.3953125 0.65 0.3953125 0.65 0.41015625 0.64140625 0.41015625
2 0.76484375 0.35546875 0.77578125 0.3671875 0.759375 0.3828125 0.7484375 0.37109375
2 0.6796875 0.2625 0.69140625 0.2625 0.69140625 0.2828125 0.6796875 0.2828125
2 0.19140625 0.25 0.21015625 0.2359375 0.21875 0.24765625 0.2 0.2609375
2 0.05625 0.3015625 0.07734375 0.3125 0.07109375 0.325 0.04921875 0.3140625
2 0.0921875 0.17109375 0.11953125 0.17109375 0.11953125 0.18359375 0.0921875 0.18359375
