0 0.3796875 0.590625 0.3875 0.5859375 0.38828125 0.58828125 0.38125 0.5921875
0 0.01875 0.68828125 0.053125 0.678125 0.05390625 0.68125 0.01953125 0.69140625
0 0.0140625 0.67890625 0.02578125 0.67578125 0.0265625 0.6796875 0.01484375 0.6828125
0 0.06640625 0.6796875 0.10546875 0.6671875 0.10703125 0.67265625 0.06796875 0.684375
0 0.04140625 0.61328125 0.0640625 0.59921875 0.065625 0.6015625 0.04296875 0.615625
0 0.06796875 0.60078125 0.0765625 0.596875 0.07734375 0.59921875 0.06875 0.603125
0 0.10390625 0.58828125 0.11953125 0.58828125 0.11953125 0.59296875 0.10390625 0.59296875
0 0.0453125 0.54375 0.04921875 0.54609375 0.0390625 0.56015625 0.0359375 0.5578125
0 0.0390625 0.53046875 0.0484375 0.52734375 0.05 0.53203125 0.040625 0.53515625
0 0.0125 0.47578125 0.0296875 0.46953125 0.03203125 0.475 0.0140625 0.48046875
0 0.10703125 0.53046875 0.12421875 0.52734375 0.125 0.53125 0.1078125 0.534375
0 0.18515625 0.5109375 0.19609375 0.5109375 0.19609375 0.5171875 0.18515625 0.5171875
0 0.13046875 0.6765625 0.17265625 0.6671875 0.17421875 0.6734375 0.13203125 0.68359375
0 0.20703125 0.63515625 0.22265625 0.62890625 0.22421875 0.63359375 0.209375 0.63984375
0 0.24296875 0.625 0.284375 0.61171875 0.2859375 0.61796875 0.2453125 0.63125
0 0.24453125 0.6140625 0.278125 0.60234375 0.28046875 0.6078125 0.24609375 0.61953125
0 0.3 0.6109375 0.32734375 0.6015625 0.32890625 0.60703125 0.3015625 0.61640625
0 0.34296875 0.59921875 0.3609375 0.5890625 0.36328125 0.59296875 0.34453125 0.60234375
0 0.37109375 0.5828125 0.3875 0.57265625 0.38984375 0.5765625 0.3734375 0.58671875
0 0.39375 0.58359375 0.41875 0.571875 0.42109375 0.57734375 0.39609375 0.5890625
0 0.34140625 0.58515625 0.35859375 0.57734375 0.36015625 0.58046875 0.3421875 0.58828125
0 0.353125 0.5875 0.3609375 0.58046875 0.3625 0.5828125 0.3546875 0.58984375
0 0.1875 0.4203125 0.20546875 0.41640625 0.20625 0.4203125 0.1890625 0.425
0 0.20078125 0.4015625 0.22421875 0.3953125 0.22578125 0.4015625 0.20234375 0.4078125
0 0.3484375 0.48984375 0.36875 0.48515625 0.3703125 0.49453125 0.35078125 0.4984375
0 0.30625 0.43515625 0.31875 0.43515625 0.31875 0.44296875 0.30625 0.44296875
0 0.309375 0.45234375 0.3234375 0.45234375 0.3234375 0.46171875 0.309375 0.46171875
0 0.28359375 0.496875 0.29609375 0.496875 0.29609375 0.50234375 0.28359375 0.50234375
0 0.33359375 0.4640625 0.34140625 0.4640625 0.34140625 0.46953125 0.33359375 0.46953125
0 0.34296875 0.4609375 0.35234375 0.45546875 0.3546875 0.46015625 0.34609375 0.465625
0 0.37578125 0.48515625 0.39296875 0.48515625 0.39296875 0.49375 0.37578125 0.49375
0 0.46171875 0.4984375 0.48046875 0.49453125 0.48125 0.5015625 0.46328125 0.50546875
0 0.46953125 0.51484375 0.50625 0.51015625 0.50703125 0.51640625 0.47109375 0.521875
0 0.59140625 0.53984375 0.60859375 0.534375 0.61015625 0.5390625 0.5921875 0.54453125
0 0.46328125 0.43671875 0.47578125 0.428125 0.47890625 0.4328125 0.46640625 0.44140625
0 0.45234375 0.4296875 0.47578125 0.41796875 0.478125 0.4234375 0.45546875 0.43515625
0 0.40859375 0.36875 0.41640625 0.36875 0.41640625 0.37890625 0.40859375 0.37890625
0 0.38359375 0.5234375 0.4015625 0.5234375 0.4015625 0.528125 0.38359375 0.528125
0 0.55625 0.41328125 0.58359375 0.4046875 0.58515625 0.41015625 0.55859375 0.41953125
0 0.6484375 0.43984375 0.66484375 0.43203125 0.6671875 0.43671875 0.65078125 0.44453125
0 0.6359375 0.44296875 0.6453125 0.44296875 0.6453125 0.4484375 0.6359375 0.4484375
0 0.54609375 0.3734375 0.55625 0.3734375 0.55625 0.37890625 0.54609375 0.37890625
0 0.5796875 0.37109375 0.590625 0.37109375 0.590625 0.37734375 0.5796875 0.37734375
0 0.6328125 0.31484375 0.65703125 0.31015625 0.6578125 0.3140625 0.634375 0.31875
0 0.7125 0.36484375 0.72109375 0.3609375 0.7234375 0.36484375 0.71484375 0.36875
0 0.76328125 0.30625 0.7796875 0.30625 0.7796875 0.31328125 0.76328125 0.31328125
0 0.75 0.278125 0.7640625 0.271875 0.765625 0.27578125 0.7515625 0.28125
0 0.84375 0.31484375 0.853125 0.31484375 0.853125 0.321875 0.84375 0.321875
0 0.85859375 0.31953125 0.86640625 0.309375 0.86875 0.3109375 0.86171875 0.32109375
0 0.92734375 0.32421875 0.9359375 0.32421875 0.9359375 0.32890625 0.92734375 0.32890625
0 0.95546875 0.32578125 0.971875 0.32578125 0.971875 0.3328125 0.95546875 0.3328125
0 0.95 0.33125 0.96171875 0.33125 0.96171875 0.33515625 0.95 0.33515625
0 0.95234375 0.2890625 0.965625 0.2984375 0.9625 0.303125 0.9484375 0.29375
0 0.94921875 0.27421875 0.959375 0.27421875 0.959375 0.28203125 0.94921875 0.28203125
0 0.90078125 0.37109375 0.91171875 0.37109375 0.91171875 0.37734375 0.90078125 0.37734375
0 0.909375 0.41015625 0.91875 0.4046875 0.92109375 0.4078125 0.91171875 0.4140625
0 0.94296875 0.40625 0.95703125 0.40625 0.95703125 0.41328125 0.94296875 0.41328125
0 0.971875 0.39453125 0.9765625 0.39921875 0.96484375 0.41015625 0.96015625 0.4046875
0 0.971875 0.42890625 0.99296875 0.42890625 0.99296875 0.4359375 0.971875 0.4359375
0 0.91875 0.4265625 0.921875 0.4296875 0.90859375 0.44375 0.90546875 0.44140625
0 0.92265625 0.39453125 0.9359375 0.39453125 0.9359375 0.39921875 0.92265625 0.39921875
0 0.81875 0.421875 0.8296875 0.421875 0.8296875 0.4265625 0.81875 0.4265625
0 0.740625 0.51484375 0.7609375 0.5046875 0.76328125 0.509375 0.74296875 0.51953125
0 0.79296875 0.5140625 0.82890625 0.51015625 0.8296875 0.515625 0.79375 0.51875
0 0.796875 0.534375 0.82421875 0.528125 0.825 0.5328125 0.79765625 0.5390625
0 0.83671875 0.53984375 0.86171875 0.5328125 0.86328125 0.53671875 0.8375 0.54375
0 0.746875 0.4375 0.76796875 0.4375 0.76796875 0.4421875 0.746875 0.4421875
3 0.02734375 0.49453125 0.0375 0.49453125 0.0375 0.50390625 0.02734375 0.50390625
3 0.00546875 0.5046875 0.01015625 0.5046875 0.01015625 0.5078125 0.00546875 0.5078125
3 0.0078125 0.51640625 0.0140625 0.51640625 0.0140625 0.52109375 0.0078125 0.52109375
3 0.01640625 0.51796875 0.0203125 0.51796875 0.0203125 0.521875 0.01640625 0.521875
3 0.13046875 0.5171875 0.13359375 0.5171875 0.13359375 0.5203125 0.13046875 0.5203125
3 0.15078125 0.5171875 0.15625 0.5171875 0.15625 0.52109375 0.15078125 0.52109375
3 0.12578125 0.45625 0.13203125 0.45625 0.13203125 0.46171875 0.12578125 0.46171875
3 0.04140625 0.42578125 0.04453125 0.42578125 0.04453125 0.4296875 0.04140625 0.4296875
3 0.05 0.4015625 0.0546875 0.4015625 0.0546875 0.41015625 0.05 0.41015625
3 0.2609375 0.440625 0.2640625 0.440625 0.2640625 0.44453125 0.2609375 0.44453125
3 0.396875 0.40625 0.40234375 0.40625 0.40234375 0.4109375 0.396875 0.4109375
3 0.48203125 0.4734375 0.484375 0.4734375 0.484375 0.47578125 0.48203125 0.47578125
3 0.59296875 0.3953125 0.6 0.3953125 0.6 0.40078125 0.59296875 0.40078125
3 0.69765625 0.296875 0.70234375 0.296875 0.70234375 0.30234375 0.69765625 0.30234375
3 0.76875 0.26796875 0.77265625 0.26796875 0.77265625 0.271875 0.76875 0.271875
3 0.5140625 0.665625 0.5171875 0.665625 0.5171875 0.66875 0.5140625 0.66875
