2 0.8 0.5296875 0.80546875 0.534375 0.7875 0.553125 0.7828125 0.5484375
2 0.77734375 0.58125 0.78125 0.58359375 0.7671875 0.6078125 0.7625 0.6046875
2 0.73671875 0.57578125 0.746875 0.5828125 0.73359375 0.6015625 0.7234375 0.59453125
2 0.75078125 0.590625 0.75703125 0.59375 0.74375 0.61484375 0.7375 0.6109375
2 0.75859375 0.62734375 0.7640625 0.6328125 0.7421875 0.65859375 0.73671875 0.65390625
2 0.73828125 0.61875 0.74609375 0.6265625 0.7265625 0.64609375 0.71875 0.63828125
2 0.72734375 0.609375 0.734375 0.6140625 0.72109375 0.6328125 0.71484375 0.628125
2 0.671875 0.60859375 0.6875 0.60078125 0.69140625 0.60859375 0.67578125 0.61640625
2 0.5375 0.6109375 0.546875 0.6109375 0.546875 0.63515625 0.5375 0.63515625
2 0.51015625 0.684375 0.51328125 0.68984375 0.49453125 0.703125 0.49140625 0.69765625
2 0.5 0.66875 0.50234375 0.671875 0.48828125 0.68125 0.4859375 0.678125
2 0.45390625 0.68359375 0.46796875 0.68359375 0.46796875 0.68984375 0.45390625 0.68984375
2 0.10625 0.625 0.12734375 0.625 0.12734375 0.6359375 0.10625 0.6359375
2 0.0375 0.68671875 0.04921875 0.678125 0.0546875 0.68515625 0.0421875 0.69453125
2 0.03203125 0.7046875 0.04296875 0.7046875 0.04296875 0.7171875 0.03203125 0.7171875
2 0.0796875 0.7578125 0.084375 0.753125 0.09140625 0.76171875 0.08671875 0.76640625
2 0.43203125 0.71171875 0.4453125 0.7046875 0.44765625 0.709375 0.434375 0.71640625
2 0.40234375 0.7265625 0.41015625 0.71953125 0.41328125 0.7234375 0.40625 0.73046875
2 0.64140625 0.778125 0.671875 0.75546875 0.67734375 0.7625 0.64609375 0.78515625
2 0.93125 0.740625 0.9421875 0.7484375 0.921875 0.77421875 0.91171875 0.765625
2 0.9015625 0.7609375 0.91328125 0.7625 0.91015625 0.78359375 0.89921875 0.78203125
2 0.8875 0.80390625 0.89375 0.8078125 0.8734375 0.83984375 0.8671875 0.8359375
2 0.87265625 0.8015625 0.87890625 0.8046875 0.86796875 0.82421875 0.86171875 0.82109375
2 0.95 0.73203125 0.95546875 0.73828125 0.9453125 0.74765625 0.93984375 0.74140625
2 0.9765625 0.715625 0.98203125 0.721875 0.96875 0.7328125 0.96328125 0.7265625
2 0.90625 0.79609375 0.91171875 0.80078125 0.8953125 0.81953125 0.88984375 0.8140625
2 0.31484375 0.728125 0.33515625 0.72109375 0.33671875 0.7265625 0.3171875 0.7328125
2 0.9015625 0.9 0.9203125 0.9 0.9203125 0.92109375 0.9015625 0.92109375
2 0.1890625 0.7453125 0.209375 0.7390625 0.21171875 0.74765625 0.19140625 0.75390625
2 0.421875 0.74453125 0.4359375 0.734375 0.4390625 0.73828125 0.425 0.7484375
2 0.3984375 0.775 0.403125 0.77890625 0.39140625 0.79140625 0.38671875 0.7875
2 0.3640625 0.81328125 0.3765625 0.8046875 0.3796875 0.809375 0.36796875 0.81796875
2 0.325 0.828125 0.340625 0.81953125 0.34453125 0.8265625 0.32890625 0.83515625
2 0.29375 0.8421875 0.31015625 0.834375 0.31171875 0.8375 0.2953125 0.84609375
2 0.31171875 0.8203125 0.32578125 0.81015625 0.33046875 0.815625 0.315625 0.82578125
2 0.29375 0.8296875 0.29765625 0.83359375 0.28671875 0.84296875 0.2828125 0.83828125
2 0.61796875 0.56484375 0.6296875 0.575 0.62265625 0.5828125 0.61171875 0.57265625
2 0.06796875 0.98671875 0.08125 0.98359375 0.08203125 0.990625 0.06953125 0.99296875
2 0.575 0.55703125 0.590625 0.56953125 0.58515625 0.57578125 0.56953125 0.56328125
2 0.55234375 0.53671875 0.56328125 0.5453125 0.5203125 0.60234375 0.509375 0.59375
2 0.434375 0.56171875 0.46015625 0.5734375 0.4546875 0.584375 0.4296875 0.57265625
2 0.2671875 0.65546875 0.2796875 0.65546875 0.2796875 0.66484375 0.2671875 0.66484375
2 0.1015625 0.578125 0.11875 0.56328125 0.125 0.5703125 0.1078125 0.58515625
2 0.10390625 0.5375 0.12421875 0.528125 0.12890625 0.5375 0.10859375 0.546875
2 0.18203125 0.52734375 0.19296875 0.53515625 0.1875 0.54296875 0.1765625 0.534375
2 0.26484375 0.4984375 0.2765625 0.509375 0.265625 0.52109375 0.25390625 0.51015625
2 0.23515625 0.5046875 0.2625 0.52421875 0.253125 0.53671875 0.2265625 0.51640625
2 0.190625 0.471875 0.20625 0.471875 0.20625 0.48046875 0.190625 0.48046875
2 0.44453125 0.45390625 0.47578125 0.45390625 0.47578125 0.4640625 0.44453125 0.4640625
2 0.5 0.4015625 0.51328125 0.415625 0.50625 0.42265625 0.4921875 0.409375
2 0.271875 0.33828125 0.29296875 0.33828125 0.29296875 0.35703125 0.271875 0.35703125
2 0.20078125 0.32734375 0.2359375 0.3125 0.240625 0.32421875 0.20546875 0.3390625
2 0.178125 0.05078125 0.190625 0.05859375 0.1859375 0.0671875 0.1734375 0.059375
2 0.1890625 0.01796875 0.19921875 0.02421875 0.18359375 0.05078125 0.1734375 0.04453125
2 0.29296875 0.1734375 0.31015625 0.1734375 0.31015625 0.1921875 0.29296875 0.1921875
2 0.153125 0.17109375 0.18125 0.16171875 0.18515625 0.171875 0.15703125 0.18203125
2 0.19609375 0.1671875 0.215625 0.1765625 0.21015625 0.18828125 0.190625 0.17890625
2 0.1 0.1765625 0.11796875 0.16484375 0.1234375 0.1734375 0.1046875 0.18515625
2 0.2015625 0.2109375 0.2234375 0.2109375 0.2234375 0.225 0.2015625 0.225
2 0.2125 0.11171875 0.23125 0.125 0.2234375 0.1359375 0.20546875 0.12265625
2 0.209375 0.06328125 0.23671875 0.053125 0.24140625 0.065625 0.21328125 0.075
2 0.59375 0.1390625 0.6078125 0.134375 0.61640625 0.16015625 0.603125 0.16484375
2 0.6046875 0.175 0.61796875 0.17109375 0.628125 0.2046875 0.61484375 0.20859375
2 0.53125 0.05859375 0.5390625 0.0671875 0.52421875 0.08046875 0.51640625 0.07109375
2 0.8234375 0.25078125 0.83984375 0.24453125 0.84140625 0.25 0.82578125 0.25625
2 0.66328125 0.16640625 0.68515625 0.15625 0.68984375 0.16796875 0.66796875 0.17734375
2 0.74375 0.22421875 0.77890625 0.22421875 0.77890625 0.2375 0.74375 0.2375
2 0.85078125 0.22890625 0.88046875 0.22890625 0.88046875 0.23984375 0.85078125 0.23984375
2 0.9421875 0.0 0.9484375 0.01015625 0.92734375 0.02265625 0.92109375 0.01171875
