0 0.55546875 0.77578125 0.5609375 0.7609375 0.58046875 0.76796875 0.57421875 0.78359375
0 0.65 0.734375 0.659375 0.734375 0.659375 0.73828125 0.65 0.73828125
0 0.740625 0.70703125 0.74609375 0.7125 0.7390625 0.7203125 0.7328125 0.71484375
0 0.76796875 0.8265625 0.7765625 0.8265625 0.7765625 0.84140625 0.76796875 0.84140625
0 0.21953125 0.7359375 0.2421875 0.728125 0.2453125 0.7375 0.22265625 0.7453125
0 0.6703125 0.98203125 0.6828125 0.98203125 0.6828125 0.9859375 0.6703125 0.9859375
0 0.7390625 0.97265625 0.746875 0.9734375 0.7453125 0.99375 0.73671875 0.99296875
0 0.9859375 0.89453125 0.99765625 0.8875 1.00078125 0.89296875 0.98984375 0.9
0 0.725 0.72109375 0.7359375 0.71796875 0.740625 0.73359375 0.73046875 0.73671875
3 0.49140625 0.81328125 0.49765625 0.81328125 0.49765625 0.8203125 0.49140625 0.8203125
0 0.91953125 0.8078125 0.92890625 0.81484375 0.91328125 0.83515625 0.9046875 0.828125
