2 0.93984375 0.95625 0.94609375 0.9609375 0.93671875 0.9734375 0.93046875 0.96796875
2 0.08515625 0.66875 0.10234375 0.6609375 0.1078125 0.671875 0.090625 0.68046875
2 0.46484375 0.95 0.48203125 0.9421875 0.48515625 0.95 0.46796875 0.9578125
2 0.61953125 0.775 0.628125 0.775 0.628125 0.78125 0.61953125 0.78125
2 0.509375 0.56171875 0.521875 0.56171875 0.521875 0.57109375 0.509375 0.57109375
2 0.21484375 0.6015625 0.228125 0.60546875 0.225 0.615625 0.21171875 0.61171875
2 0.62421875 0.2515625 0.6328125 0.2515625 0.6328125 0.2578125 0.62421875 0.2578125
2 0.1359375 0.74375 0.14140625 0.74765625 0.1359375 0.75546875 0.1296875 0.7515625
2 0.36328125 0.7203125 0.375 0.728125 0.35 0.76328125 0.3390625 0.7546875
2 0.9234375 0.490625 0.928125 0.49609375 0.91875 0.50390625 0.9140625 0.49765625
