2 0.9546875 0.65546875 0.96484375 0.65546875 0.96484375 0.6671875 0.9546875 0.6671875
2 0.771875 0.55859375 0.78984375 0.55859375 0.78984375 0.5734375 0.771875 0.5734375
2 0.7265625 0.85 0.75859375 0.8359375 0.7625 0.84375 0.7296875 0.8578125
2 0.6875 0.78984375 0.696875 0.7921875 0.690625 0.8140625 0.68125 0.81171875
2 0.74140625 0.69296875 0.74765625 0.69765625 0.7375 0.7125 0.73125 0.7078125
2 0.7546875 0.675 0.7734375 0.675 0.7734375 0.7 0.7546875 0.7
2 0.71171875 0.93125 0.71640625 0.92890625 0.72265625 0.94296875 0.71796875 0.94453125
2 0.92578125 0.65546875 0.94375 0.65546875 0.94375 0.66328125 0.92578125 0.66328125
2 0.8171875 0.503125 0.834375 0.503125 0.834375 0.51484375 0.8171875 0.51484375
2 0.9578125 0.153125 0.97890625 0.16328125 0.9625 0.19609375 0.94140625 0.18515625
2 0.8859375 0.2140625 0.90078125 0.2140625 0.90078125 0.2328125 0.8859375 0.2328125
2 0.83359375 0.23203125 0.840625 0.24375 0.8046875 0.26328125 0.7984375 0.2515625
2 0.35 0.74296875 0.36484375 0.74296875 0.36484375 0.76328125 0.35 0.76328125
2 0.29375 0.6921875 0.309375 0.6796875 0.315625 0.6875 0.3 0.69921875
2 0.1515625 0.80390625 0.159375 0.81171875 0.13828125 0.8328125 0.13046875 0.825
2 0.04375 0.7828125 0.05703125 0.79765625 0.04609375 0.80703125 0.0328125 0.7921875
2 0.1125 0.67578125 0.12734375 0.67578125 0.12734375 0.69609375 0.1125 0.69609375
2 0.0078125 0.63046875 0.0234375 0.63046875 0.0234375 0.65 0.0078125 0.65
2 0.3453125 0.62109375 0.371875 0.60703125 0.3765625 0.61640625 0.34921875 0.6296875
2 0.33984375 0.52109375 0.346875 0.528125 0.33359375 0.53984375 0.3265625 0.5328125
2 0.35546875 0.35703125 0.38828125 0.346875 0.3921875 0.359375 0.36015625 0.36953125
2 0.35234375 0.37890625 0.3828125 0.3625 0.3859375 0.36953125 0.35625 0.38515625
2 0.740625 0.07890625 0.75390625 0.07890625 0.75390625 0.09296875 0.740625 0.09296875
2 0.6828125 0.00078125 0.69609375 0.00078125 0.69609375 0.0203125 0.6828125 0.0203125
2 0.63359375 0.009375 0.640625 0.009375 0.640625 0.02421875 0.63359375 0.02421875
2 0.5828125 0.29609375 0.65234375 0.284375 0.65390625 0.2921875 0.584375 0.3046875
2 0.321875 0.01875 0.34921875 0.01875 0.34921875 0.0328125 0.321875 0.0328125
