2 0.32421875 0.078125 0.3390625 0.078125 0.3390625 0.084375 0.32421875 0.084375
2 0.33515625 0.07109375 0.3546875 0.07109375 0.3546875 0.078125 0.33515625 0.078125
2 0.28359375 0.08984375 0.29921875 0.0859375 0.3 0.09140625 0.284375 0.0953125
2 0.359375 0.03828125 0.38359375 0.03828125 0.38359375 0.04375 0.359375 0.04375
2 0.14453125 0.096875 0.1703125 0.08828125 0.1734375 0.096875 0.14765625 0.10546875
2 0.0125 0.15390625 0.015625 0.1484375 0.0296875 0.15625 0.02578125 0.1625
2 0.37421875 0.15078125 0.3859375 0.15078125 0.3859375 0.159375 0.37421875 0.159375
2 0.41171875 0.1390625 0.42421875 0.1390625 0.42421875 0.1453125 0.41171875 0.1453125
2 0.45859375 0.1234375 0.47265625 0.1234375 0.47265625 0.12890625 0.45859375 0.12890625
2 0.4359375 0.10703125 0.46171875 0.10703125 0.46171875 0.11484375 0.4359375 0.11484375
2 0.403125 0.0984375 0.42890625 0.0984375 0.42890625 0.11015625 0.403125 0.11015625
2 0.48046875 0.03671875 0.5078125 0.03671875 0.5078125 0.04375 0.48046875 0.04375
2 0.5640625 0.05625 0.57890625 0.05625 0.57890625 0.06171875 0.5640625 0.06171875
2 0.65625 0.03359375 0.66953125 0.03359375 0.66953125 0.040625 0.65625 0.040625
2 0.6734375 0.03359375 0.6921875 0.03359375 0.6921875 0.04140625 0.6734375 0.04140625
2 0.69765625 0.0359375 0.71015625 0.0359375 0.71015625 0.0421875 0.69765625 0.0421875
2 0.7203125 0.03359375 0.74375 0.03359375 0.74375 0.040625 0.7203125 0.040625
2 0.7859375 0.04375 0.80078125 0.04375 0.80078125 0.05078125 0.7859375 0.05078125
2 0.81171875 0.0453125 0.8234375 0.0453125 0.8234375 0.05078125 0.81171875 0.05078125
2 0.846875 0.08984375 0.87578125 0.08984375 0.87578125 0.09765625 0.846875 0.09765625
2 0.95 0.09140625 0.9796875 0.0875 0.98046875 0.0953125 0.9515625 0.09921875
2 0.965625 0.0984375 0.9828125 0.0984375 0.9828125 0.10625 0.965625 0.10625
2 0.90859375 0.115625 0.921875 0.115625 0.921875 0.121875 0.90859375 0.121875
2 0.465625 0.178125 0.47421875 0.178125 0.47421875 0.1875 0.465625 0.1875
2 0.55078125 0.15859375 0.559375 0.15859375 0.559375 0.1671875 0.55078125 0.1671875
2 0.60078125 0.18671875 0.61796875 0.18671875 0.61796875 0.19453125 0.60078125 0.19453125
2 0.621875 0.178125 0.63671875 0.178125 0.63671875 0.1828125 0.621875 0.1828125
2 0.6359375 0.16015625 0.65859375 0.16015625 0.65859375 0.1671875 0.6359375 0.1671875
2 0.58984375 0.08515625 0.60078125 0.09140625 0.590625 0.1109375 0.57890625 0.1046875
2 0.615625 0.096875 0.63359375 0.096875 0.63359375 0.10390625 0.615625 0.10390625
2 0.63203125 0.103125 0.65 0.103125 0.65 0.11015625 0.63203125 0.11015625
2 0.71875 0.1125 0.734375 0.1125 0.734375 0.11953125 0.71875 0.11953125
2 0.7375 0.15234375 0.75625 0.15234375 0.75625 0.15859375 0.7375 0.15859375
2 0.80625 0.15859375 0.81484375 0.15859375 0.81484375 0.16328125 0.80625 0.16328125
2 0.78046875 0.15625 0.796875 0.15625 0.796875 0.1640625 0.78046875 0.1640625
2 0.7765625 0.1234375 0.79921875 0.1265625 0.79765625 0.134375 0.775 0.13046875
2 0.21171875 0.109375 0.2265625 0.109375 0.2265625 0.12265625 0.21171875 0.12265625
2 0.61640625 0.12890625 0.63515625 0.12890625 0.63515625 0.13515625 0.61640625 0.13515625
2 0.54296875 0.121875 0.54921875 0.1140625 0.571875 0.13203125 0.565625 0.13984375
2 0.56171875 0.1359375 0.58203125 0.1359375 0.58203125 0.14296875 0.56171875 0.14296875
2 0.6359375 0.15 0.65546875 0.15 0.65546875 0.1578125 0.6359375 0.1578125
2 0.58828125 0.140625 0.59921875 0.140625 0.59921875 0.15078125 0.58828125 0.15078125
2 0.93984375 0.18671875 0.95703125 0.18671875 0.95703125 0.2 0.93984375 0.2
2 0.9 0.18984375 0.925 0.18984375 0.925 0.19609375 0.9 0.19609375
2 0.85859375 0.1640625 0.8828125 0.17109375 0.88125 0.17734375 0.85703125 0.17109375
2 0.859375 0.1796875 0.8375 0.16875 0.840625 0.1625 0.8625 0.17421875
2 0.8546875 0.13984375 0.88203125 0.15 0.87890625 0.15859375 0.8515625 0.14921875
2 0.84609375 0.15625 0.86875 0.15625 0.86875 0.1640625 0.84609375 0.1640625
2 0.803125 0.1296875 0.82265625 0.1296875 0.82265625 0.13515625 0.803125 0.13515625
2 0.06953125 0.015625 0.0734375 0.009375 0.09765625 0.02421875 0.09375 0.03046875
2 0.00859375 0.01328125 0.009375 0.0046875 0.06484375 0.00546875 0.06484375 0.0140625
2 0.08515625 0.02578125 0.11484375 0.0328125 0.11328125 0.040625 0.08359375 0.03359375
2 0.146875 0.115625 0.1625 0.115625 0.1625 0.12421875 0.146875 0.12421875
2 0.11796875 0.15859375 0.1390625 0.1625 0.1375 0.17109375 0.11640625 0.1671875
2 0.20390625 0.15625 0.21640625 0.15625 0.21640625 0.16171875 0.20390625 0.16171875
2 0.24375 0.14375 0.2546875 0.14375 0.2546875 0.15390625 0.24375 0.15390625
2 0.290625 0.11171875 0.31015625 0.11171875 0.31015625 0.1203125 0.290625 0.1203125
2 0.30625 0.1046875 0.32890625 0.10703125 0.328125 0.1140625 0.30546875 0.11171875
