1 0.240625 0.19140625 0.25 0.19921875 0.23203125 0.2203125 0.22265625 0.2125
1 0.08671875 0.23359375 0.1015625 0.23359375 0.1015625 0.24609375 0.08671875 0.24609375
1 0.065625 0.225 0.0875 0.234375 0.08359375 0.24375 0.06171875 0.234375
1 0.0546875 0.30859375 0.0671875 0.30859375 0.0671875 0.32578125 0.0546875 0.32578125
1 0.0328125 0.31171875 0.053125 0.31171875 0.053125 0.3296875 0.0328125 0.3296875
1 0.01328125 0.3109375 0.03125 0.3109375 0.03125 0.325 0.01328125 0.325
1 0.096875 0.33671875 0.11484375 0.33671875 0.11484375 0.3546875 0.096875 0.3546875
1 0.1109375 0.4140625 0.12734375 0.39296875 0.14609375 0.40703125 0.12890625 0.42890625
1 0.00078125 0.42109375 0.02890625 0.42109375 0.02890625 0.45078125 0.00078125 0.45078125
1 0.14296875 0.36015625 0.17265625 0.35234375 0.1765625 0.36796875 0.146875 0.37578125
1 0.13515625 0.38125 0.17109375 0.371875 0.175 0.3875 0.1390625 0.39609375
1 0.184375 0.35625 0.20703125 0.35625 0.20703125 0.37578125 0.184375 0.37578125
1 0.20859375 0.3703125 0.240625 0.36484375 0.24296875 0.38125 0.2109375 0.38671875
1 0.2109375 0.35 0.23125 0.35 0.23125 0.3640625 0.2109375 0.3640625
1 0.2640625 0.3453125 0.2953125 0.334375 0.303125 0.35703125 0.271875 0.36796875
1 0.175 0.3234375 0.19921875 0.30234375 0.209375 0.31328125 0.184375 0.334375
1 0.18515625 0.196875 0.21640625 0.190625 0.2203125 0.20703125 0.1890625 0.21328125
1 0.19765625 0.17734375 0.2171875 0.17734375 0.2171875 0.1875 0.19765625 0.1875
1 0.1765625 0.15390625 0.2078125 0.15390625 0.2078125 0.16640625 0.1765625 0.16640625
1 0.0703125 0.159375 0.0859375 0.14765625 0.09296875 0.15625 0.0765625 0.16875
1 0.0 0.171875 0.01171875 0.171875 0.01171875 0.18125 0.0 0.18125
1 0.01328125 0.13046875 0.0171875 0.13359375 0.0109375 0.1421875 0.00625 0.13984375
1 0.0640625 0.10703125 0.084375 0.10703125 0.084375 0.12578125 0.0640625 0.12578125
1 0.3171875 0.321875 0.3453125 0.31171875 0.34921875 0.32421875 0.32109375 0.33359375
1 0.2109375 0.11875 0.23046875 0.0953125 0.240625 0.10390625 0.22109375 0.12734375
1 0.2625 0.0875 0.26953125 0.08125 0.27734375 0.08984375 0.27109375 0.09609375
1 0.203125 0.06640625 0.22265625 0.06640625 0.22265625 0.0796875 0.203125 0.0796875
1 0.10625 0.05234375 0.14296875 0.04765625 0.14453125 0.059375 0.1078125 0.0640625
1 0.33046875 0.0859375 0.353125 0.0859375 0.353125 0.09765625 0.33046875 0.09765625
1 0.321875 0.0375 0.34296875 0.0234375 0.34609375 0.02890625 0.325 0.04296875
1 0.44296875 0.10859375 0.45078125 0.1015625 0.4640625 0.11484375 0.45625 0.12265625
1 0.53828125 0.02890625 0.54921875 0.02890625 0.54921875 0.04296875 0.53828125 0.04296875
1 0.55234375 0.0484375 0.57109375 0.04375 0.5734375 0.0546875 0.55546875 0.059375
1 0.53828125 0.165625 0.54765625 0.1734375 0.53359375 0.19140625 0.5234375 0.18359375
1 0.53203125 0.19609375 0.5484375 0.19609375 0.5484375 0.20390625 0.53203125 0.20390625
1 0.5640625 0.18046875 0.57421875 0.18984375 0.56171875 0.203125 0.5515625 0.19375
1 0.525 0.215625 0.55546875 0.215625 0.55546875 0.22890625 0.525 0.22890625
1 0.6 0.175 0.61796875 0.175 0.61796875 0.1921875 0.6 0.1921875
1 0.69765625 0.12421875 0.70625 0.13359375 0.68828125 0.1484375 0.68046875 0.13828125
1 0.696875 0.08125 0.71015625 0.0703125 0.71796875 0.08046875 0.7046875 0.090625
1 0.7703125 0.08125 0.78984375 0.07421875 0.79296875 0.0828125 0.77265625 0.08984375
1 0.81953125 0.0625 0.8359375 0.0515625 0.8421875 0.06015625 0.82578125 0.07109375
1 0.89453125 0.0171875 0.9046875 0.0265625 0.89140625 0.04140625 0.88125 0.03203125
