1 0.0640625 0.3828125 0.07890625 0.3828125 0.07890625 0.390625 0.0640625 0.390625
1 0.05 0.38203125 0.06171875 0.38203125 0.06171875 0.3890625 0.05 0.3890625
1 0.1703125 0.4734375 0.17734375 0.4734375 0.17734375 0.48515625 0.1703125 0.48515625
1 0.1625 0.471875 0.16875 0.471875 0.16875 0.47890625 0.1625 0.47890625
1 0.13671875 0.56796875 0.14765625 0.56796875 0.14765625 0.58046875 0.13671875 0.58046875
1 0.04921875 0.6578125 0.065625 0.6578125 0.065625 0.671875 0.04921875 0.671875
1 0.08125 0.6703125 0.1203125 0.68359375 0.115625 0.69765625 0.0765625 0.684375
1 0.015625 0.70390625 0.03828125 0.70390625 0.03828125 0.715625 0.015625 0.715625
1 0.47421875 0.73671875 0.48046875 0.73671875 0.48046875 0.746875 0.47421875 0.746875
1 0.325 0.725 0.3328125 0.7171875 0.34921875 0.734375 0.3421875 0.7421875
1 0.340625 0.77578125 0.3515625 0.77578125 0.3515625 0.78671875 0.340625 0.78671875
1 0.3015625 0.86796875 0.3078125 0.86484375 0.33359375 0.91796875 0.32734375 0.92109375
1 0.43046875 0.83359375 0.44140625 0.83046875 0.446875 0.853125 0.4359375 0.85546875
1 0.49296875 0.66484375 0.49921875 0.66015625 0.51875 0.684375 0.5125 0.6890625
1 0.17421875 0.65234375 0.1828125 0.64921875 0.18828125 0.66328125 0.1796875 0.66640625
1 0.1609375 0.65703125 0.1703125 0.65234375 0.17890625 0.66953125 0.16953125 0.67421875
1 0.4671875 0.69296875 0.4859375 0.703125 0.48125 0.7109375 0.46328125 0.70078125
1 0.59375 0.740625 0.609375 0.7546875 0.603125 0.76171875 0.5875 0.7484375
1 0.496875 0.85859375 0.51015625 0.85859375 0.51015625 0.865625 0.496875 0.865625
1 0.434375 0.759375 0.446875 0.759375 0.446875 0.771875 0.434375 0.771875
1 0.38515625 0.653125 0.39296875 0.653125 0.39296875 0.66015625 0.38515625 0.66015625
1 0.49140625 0.82109375 0.496875 0.81875 0.5015625 0.83046875 0.496875 0.8328125
1 0.54765625 0.8046875 0.55859375 0.8046875 0.55859375 0.834375 0.54765625 0.834375
1 0.6703125 0.88828125 0.67421875 0.88671875 0.67890625 0.89609375 0.675 0.8984375
1 0.6578125 0.8796875 0.66171875 0.878125 0.66796875 0.8890625 0.6640625 0.890625
1 0.6484375 0.9234375 0.66015625 0.934375 0.6546875 0.93984375 0.64375 0.928125
1 0.58125 0.95 0.58984375 0.9453125 0.60390625 0.9703125 0.5953125 0.975
1 0.5109375 0.940625 0.51640625 0.9390625 0.521875 0.95390625 0.515625 0.95546875
1 0.465625 0.91875 0.47109375 0.915625 0.478125 0.928125 0.471875 0.93125
1 0.4921875 0.96171875 0.49765625 0.96015625 0.50625 0.9828125 0.50078125 0.98515625
1 0.74609375 0.890625 0.753125 0.88671875 0.7609375 0.9015625 0.75390625 0.90546875
1 0.7484375 0.94140625 0.753125 0.9328125 0.76875 0.9421875 0.7640625 0.95078125
1 0.725 0.91796875 0.73125 0.9109375 0.7484375 0.92578125 0.74296875 0.9328125
1 0.771875 0.95703125 0.778125 0.946875 0.79921875 0.96015625 0.79296875 0.9703125
1 0.78671875 0.94140625 0.78984375 0.93515625 0.8078125 0.94375 0.80390625 0.95078125
1 0.83515625 0.96015625 0.8421875 0.96015625 0.8421875 0.96953125 0.83515625 0.96953125
1 0.84375 0.9734375 0.8609375 0.97890625 0.859375 0.9859375 0.84140625 0.98046875
1 0.871875 0.98359375 0.8953125 0.9921875 0.89296875 0.9984375 0.86953125 0.98984375
3 0.58203125 0.8078125 0.58828125 0.8078125 0.58828125 0.81171875 0.58203125 0.81171875
3 0.503125 0.93203125 0.5109375 0.93203125 0.5109375 0.9390625 0.503125 0.9390625
