1 0.03203125 0.51015625 0.053125 0.51015625 0.053125 0.52578125 0.03203125 0.52578125
1 0.025 0.54921875 0.0375 0.54921875 0.0375 0.55703125 0.025 0.55703125
1 0.06875 0.54609375 0.08046875 0.54609375 0.08046875 0.56171875 0.06875 0.56171875
1 0.11875 0.53984375 0.128125 0.53984375 0.128125 0.55 0.11875 0.55
1 0.15 0.57890625 0.159375 0.56875 0.175 0.58515625 0.16484375 0.59453125
1 0.16484375 0.5359375 0.1703125 0.5296875 0.1875 0.54453125 0.18203125 0.5515625
1 0.19140625 0.50703125 0.20390625 0.50703125 0.20390625 0.521875 0.19140625 0.521875
1 0.2203125 0.53203125 0.23046875 0.53203125 0.23046875 0.5390625 0.2203125 0.5390625
1 0.1296875 0.66328125 0.14140625 0.66796875 0.13125 0.68984375 0.11953125 0.68515625
1 0.2828125 0.7359375 0.296875 0.7359375 0.296875 0.75234375 0.2828125 0.75234375
1 0.24140625 0.7734375 0.246875 0.7796875 0.2375 0.78828125 0.23203125 0.78203125
1 0.24453125 0.78515625 0.26328125 0.76640625 0.2671875 0.7703125 0.2484375 0.7890625
1 0.2109375 0.7734375 0.23046875 0.77890625 0.22890625 0.78515625 0.209375 0.77890625
1 0.20390625 0.7765625 0.21640625 0.78046875 0.21328125 0.78828125 0.2015625 0.784375
1 0.19140625 0.7796875 0.2 0.7796875 0.2 0.7875 0.19140625 0.7875
1 0.25625 0.80703125 0.26796875 0.80703125 0.26796875 0.81796875 0.25625 0.81796875
1 0.23046875 0.80390625 0.240625 0.81015625 0.23359375 0.821875 0.2234375 0.81640625
1 0.26484375 0.82578125 0.27265625 0.821875 0.275 0.8265625 0.2671875 0.83046875
1 0.26328125 0.83203125 0.28046875 0.82578125 0.28359375 0.83515625 0.2671875 0.84140625
1 0.2734375 0.8453125 0.28359375 0.8453125 0.28359375 0.86171875 0.2734375 0.86171875
1 0.18671875 0.8640625 0.21015625 0.8640625 0.21015625 0.8765625 0.18671875 0.8765625
1 0.165625 0.85234375 0.184375 0.85234375 0.184375 0.8671875 0.165625 0.8671875
1 0.25390625 0.9015625 0.26484375 0.9015625 0.26484375 0.90859375 0.25390625 0.90859375
1 0.29765625 0.9546875 0.31875 0.9546875 0.31875 0.9671875 0.29765625 0.9671875
1 0.21015625 0.9671875 0.22734375 0.97578125 0.22421875 0.98203125 0.20703125 0.9734375
1 0.2921875 0.93828125 0.3109375 0.94453125 0.309375 0.95 0.28984375 0.94375
1 0.05546875 0.8046875 0.07109375 0.81640625 0.06640625 0.82265625 0.05078125 0.8109375
1 0.015625 0.81171875 0.03671875 0.821875 0.03359375 0.82734375 0.01328125 0.8171875
1 0.0140625 0.8015625 0.03203125 0.81015625 0.0296875 0.8140625 0.01171875 0.80625
1 0.01953125 0.83984375 0.0265625 0.83984375 0.0265625 0.85390625 0.01953125 0.85390625
1 0.43046875 0.91953125 0.4453125 0.9109375 0.4546875 0.9265625 0.43984375 0.93515625
1 0.4921875 0.98671875 0.50625 0.98671875 0.50625 0.996875 0.4921875 0.996875
1 0.52109375 0.99140625 0.53828125 0.99140625 0.53828125 1.0 0.52109375 1.0
1 0.57265625 0.89609375 0.58515625 0.89609375 0.58515625 0.9125 0.57265625 0.9125
1 0.26875 0.61875 0.28359375 0.62890625 0.27890625 0.63671875 0.26328125 0.62734375
1 0.240625 0.6140625 0.26328125 0.6140625 0.26328125 0.6296875 0.240625 0.6296875
1 0.26484375 0.59140625 0.284375 0.59140625 0.284375 0.6078125 0.26484375 0.6078125
1 0.28984375 0.59921875 0.3015625 0.59921875 0.3015625 0.60703125 0.28984375 0.60703125
1 0.3015625 0.5765625 0.30859375 0.5734375 0.315625 0.5859375 0.30859375 0.58984375
1 0.321875 0.57734375 0.3296875 0.57734375 0.3296875 0.5890625 0.321875 0.5890625
1 0.334375 0.61875 0.353125 0.61875 0.353125 0.6328125 0.334375 0.6328125
1 0.33046875 0.65 0.3484375 0.65 0.3484375 0.66640625 0.33046875 0.66640625
1 0.3828125 0.64453125 0.3921875 0.64453125 0.3921875 0.65234375 0.3828125 0.65234375
1 0.35859375 0.61484375 0.3796875 0.61484375 0.3796875 0.634375 0.35859375 0.634375
1 0.334375 0.675 0.35234375 0.675 0.35234375 0.684375 0.334375 0.684375
1 0.353125 0.671875 0.36328125 0.671875 0.36328125 0.68203125 0.353125 0.68203125
1 0.375 0.671875 0.390625 0.671875 0.390625 0.678125 0.375 0.678125
1 0.365625 0.67734375 0.3765625 0.67734375 0.3765625 0.68515625 0.365625 0.68515625
1 0.3421875 0.68984375 0.35546875 0.68125 0.3578125 0.68515625 0.34453125 0.69375
1 0.3453125 0.69609375 0.35859375 0.68671875 0.36171875 0.690625 0.34765625 0.7
1 0.3703125 0.7046875 0.3890625 0.6984375 0.390625 0.7046875 0.37265625 0.71015625
1 0.37265625 0.71484375 0.38125 0.71484375 0.38125 0.72421875 0.37265625 0.72421875
1 0.38984375 0.709375 0.41484375 0.6875 0.4203125 0.69296875 0.39453125 0.715625
1 0.44921875 0.65 0.4703125 0.65 0.4703125 0.66171875 0.44921875 0.66171875
1 0.575 0.65390625 0.58203125 0.65390625 0.58203125 0.675 0.575 0.675
1 0.6015625 0.70703125 0.62578125 0.70703125 0.62578125 0.72109375 0.6015625 0.72109375
1 0.63984375 0.6734375 0.675 0.6734375 0.675 0.68984375 0.63984375 0.68984375
1 0.66015625 0.68828125 0.6875 0.68828125 0.6875 0.703125 0.66015625 0.703125
1 0.73359375 0.65625 0.75859375 0.65625 0.75859375 0.6640625 0.73359375 0.6640625
1 0.7078125 0.646875 0.72890625 0.646875 0.72890625 0.6625 0.7078125 0.6625
1 0.75390625 0.60703125 0.78203125 0.61484375 0.7796875 0.6234375 0.7515625 0.615625
1 0.86953125 0.6234375 0.8765625 0.6234375 0.8765625 0.634375 0.86953125 0.634375
1 0.8109375 0.65078125 0.81796875 0.65078125 0.81796875 0.6578125 0.8109375 0.6578125
1 0.81875 0.653125 0.82890625 0.653125 0.82890625 0.66875 0.81875 0.66875
1 0.8234375 0.69609375 0.8390625 0.68828125 0.84453125 0.69921875 0.828125 0.70703125
1 0.7734375 0.703125 0.79765625 0.703125 0.79765625 0.71640625 0.7734375 0.71640625
1 0.80078125 0.71015625 0.8125 0.71015625 0.8125 0.71875 0.80078125 0.71875
1 0.828125 0.73984375 0.84375 0.73203125 0.8484375 0.74140625 0.8328125 0.7484375
1 0.8453125 0.73359375 0.85859375 0.72734375 0.8625 0.73515625 0.84921875 0.74140625
1 0.934375 0.63828125 0.9453125 0.628125 0.94921875 0.6328125 0.93828125 0.64296875
1 0.9796875 0.65859375 0.98828125 0.65859375 0.98828125 0.66484375 0.9796875 0.66484375
1 0.95 0.7328125 0.9671875 0.7328125 0.9671875 0.746875 0.95 0.746875
1 0.88203125 0.8328125 0.90078125 0.8328125 0.90078125 0.84609375 0.88203125 0.84609375
1 0.7921875 0.8578125 0.80546875 0.8578125 0.80546875 0.86953125 0.7921875 0.86953125
1 0.775 0.90390625 0.79375 0.89765625 0.79765625 0.9109375 0.77890625 0.91640625
1 0.71484375 0.87421875 0.73125 0.87421875 0.73125 0.8890625 0.71484375 0.8890625
1 0.69453125 0.86328125 0.7109375 0.86328125 0.7109375 0.8734375 0.69453125 0.8734375
1 0.709375 0.84765625 0.72890625 0.84765625 0.72890625 0.85625 0.709375 0.85625
1 0.7546875 0.96171875 0.76484375 0.97109375 0.7609375 0.97578125 0.75078125 0.965625
1 0.7453125 0.9703125 0.75859375 0.9703125 0.75859375 0.99140625 0.7453125 0.99140625
1 0.7921875 0.959375 0.8203125 0.95625 0.82109375 0.96484375 0.79296875 0.9671875
1 0.77890625 0.9875 0.80703125 0.9875 0.80703125 0.99921875 0.77890625 0.99921875
1 0.86875 0.96328125 0.8953125 0.96328125 0.8953125 0.9703125 0.86875 0.9703125
1 0.93046875 0.9015625 0.9609375 0.9015625 0.9609375 0.9265625 0.93046875 0.9265625
1 0.90390625 0.88203125 0.92734375 0.88203125 0.92734375 0.8890625 0.90390625 0.8890625
1 0.9734375 0.8828125 0.98671875 0.8828125 0.98671875 0.8953125 0.9734375 0.8953125
1 0.9515625 0.8859375 0.96640625 0.8859375 0.96640625 0.89765625 0.9515625 0.89765625
1 0.984375 0.8515625 0.9984375 0.8515625 0.9984375 0.86484375 0.984375 0.86484375
1 0.915625 0.85 0.93046875 0.85 0.93046875 0.86171875 0.915625 0.86171875
1 0.94140625 0.83515625 0.95 0.83515625 0.95 0.84765625 0.94140625 0.84765625
3 0.434375 0.25390625 0.440625 0.25390625 0.440625 0.2578125 0.434375 0.2578125
