0 0.04453125 0.48203125 0.0765625 0.48203125 0.0765625 0.4921875 0.04453125 0.4921875
0 0.040625 0.50390625 0.0453125 0.49921875 0.0546875 0.5109375 0.05 0.51484375
0 0.08359375 0.459375 0.090625 0.459375 0.090625 0.465625 0.08359375 0.465625
0 0.0875 0.4515625 0.09921875 0.44375 0.10234375 0.4484375 0.090625 0.45625
0 0.0 0.42421875 0.0109375 0.42421875 0.0109375 0.43359375 0.0 0.43359375
0 0.1 0.36640625 0.11328125 0.36640625 0.11328125 0.375 0.1 0.375
0 0.115625 0.271875 0.12578125 0.265625 0.12890625 0.27109375 0.11953125 0.27734375
0 0.12109375 0.25546875 0.153125 0.2421875 0.1546875 0.246875 0.12265625 0.2609375
0 0.05 0.20078125 0.06328125 0.2078125 0.059375 0.2140625 0.046875 0.20703125
0 0.1046875 0.18515625 0.1203125 0.18046875 0.121875 0.1859375 0.10546875 0.18984375
0 0.18359375 0.14921875 0.1875 0.15234375 0.1765625 0.16328125 0.17265625 0.159375
0 0.2265625 0.20078125 0.24453125 0.19375 0.246875 0.2 0.22890625 0.20703125
0 0.24296875 0.2015625 0.2484375 0.2015625 0.2484375 0.20703125 0.24296875 0.20703125
0 0.28515625 0.24375 0.290625 0.2484375 0.271875 0.2703125 0.26640625 0.26640625
0 0.2859375 0.38046875 0.2953125 0.3734375 0.2984375 0.37734375 0.28984375 0.384375
0 0.31484375 0.36328125 0.3328125 0.37421875 0.3296875 0.3796875 0.31171875 0.36875
0 0.2765625 0.38671875 0.28671875 0.38671875 0.28671875 0.390625 0.2765625 0.390625
0 0.29140625 0.38984375 0.29609375 0.38984375 0.29609375 0.39453125 0.29140625 0.39453125
0 0.2875 0.3140625 0.3046875 0.3140625 0.3046875 0.3296875 0.2875 0.3296875
0 0.38203125 0.30078125 0.41796875 0.30078125 0.41796875 0.3125 0.38203125 0.3125
0 0.2734375 0.19296875 0.29765625 0.18515625 0.29921875 0.18984375 0.275 0.1984375
0 0.2953125 0.15390625 0.31171875 0.1453125 0.31484375 0.15 0.29765625 0.159375
0 0.38828125 0.1625 0.4171875 0.15234375 0.41953125 0.15859375 0.390625 0.16875
0 0.52421875 0.23515625 0.540625 0.22734375 0.54375 0.23359375 0.52734375 0.24140625
0 0.6015625 0.209375 0.6203125 0.209375 0.6203125 0.2171875 0.6015625 0.2171875
0 0.365625 0.06875 0.3875 0.06875 0.3875 0.07734375 0.365625 0.07734375
0 0.38125 0.0125 0.3984375 0.0125 0.3984375 0.0203125 0.38125 0.0203125
0 0.5109375 0.0921875 0.5359375 0.0859375 0.5375 0.09296875 0.5125 0.09921875
0 0.5140625 0.13515625 0.53828125 0.1265625 0.540625 0.13125 0.515625 0.140625
0 0.6109375 0.16875 0.6375 0.1578125 0.640625 0.1671875 0.6140625 0.178125
0 0.64140625 0.15234375 0.67734375 0.1390625 0.6796875 0.14609375 0.64375 0.159375
0 0.66328125 0.025 0.68671875 0.025 0.68671875 0.03203125 0.66328125 0.03203125
0 0.57578125 0.0 0.58125 0.003125 0.5765625 0.0140625 0.5703125 0.0109375
0 0.58984375 0.0 0.59453125 0.0015625 0.58828125 0.0125 0.58359375 0.009375
0 0.93203125 0.0578125 0.95625 0.0484375 0.95859375 0.05625 0.93515625 0.06484375
0 0.965625 0.03359375 0.97578125 0.03359375 0.97578125 0.03984375 0.965625 0.03984375
0 0.83515625 0.03515625 0.86171875 0.02734375 0.86328125 0.03359375 0.8375 0.04140625
0 0.49609375 0.30234375 0.509375 0.29453125 0.51171875 0.29765625 0.4984375 0.30625
3 0.1984375 0.08359375 0.2046875 0.08359375 0.2046875 0.08828125 0.1984375 0.08828125
3 0.2515625 0.065625 0.25703125 0.065625 0.25703125 0.0703125 0.2515625 0.0703125
3 0.19765625 0.203125 0.2078125 0.203125 0.2078125 0.215625 0.19765625 0.215625
3 0.6203125 0.134375 0.628125 0.134375 0.628125 0.146875 0.6203125 0.146875
3 0.628125 0.13359375 0.63203125 0.13359375 0.63203125 0.1390625 0.628125 0.1390625
3 0.8625 0.196875 0.87421875 0.196875 0.87421875 0.2109375 0.8625 0.2109375
3 0.8484375 0.121875 0.86015625 0.121875 0.86015625 0.13046875 0.8484375 0.13046875
3 0.93828125 0.13046875 0.953125 0.13828125 0.9328125 0.178125 0.91796875 0.1703125
0 0.91640625 0.0 0.94296875 0.0 0.94296875 0.00546875 0.91640625 0.00546875
3 0.11015625 0.896875 0.1203125 0.896875 0.1203125 0.90546875 0.11015625 0.90546875
3 0.1828125 0.8953125 0.19609375 0.8953125 0.19609375 0.90703125 0.1828125 0.90703125
3 0.55078125 0.4890625 0.5546875 0.4890625 0.5546875 0.49375 0.55078125 0.49375
0 0.71484375 0.021875 0.72109375 0.021875 0.72109375 0.02890625 0.71484375 0.02890625
