3 0.40234375 0.659375 0.40859375 0.659375 0.40859375 0.66484375 0.40234375 0.66484375
3 0.61953125 0.603125 0.6234375 0.603125 0.6234375 0.60625 0.61953125 0.60625
3 0.6140625 0.6015625 0.6171875 0.6015625 0.6171875 0.60625 0.6140625 0.60625
3 0.59453125 0.58515625 0.596875 0.58515625 0.596875 0.58828125 0.59453125 0.58828125
3 0.596875 0.5890625 0.6 0.5890625 0.6 0.59375 0.596875 0.59375
3 0.57890625 0.58125 0.584375 0.58125 0.584375 0.5859375 0.57890625 0.5859375
3 0.56875 0.5765625 0.57265625 0.5765625 0.57265625 0.5796875 0.56875 0.5796875
3 0.6390625 0.5875 0.64375 0.5875 0.64375 0.59140625 0.6390625 0.59140625
3 0.6015625 0.5921875 0.60390625 0.5921875 0.60390625 0.5953125 0.6015625 0.5953125
3 0.6046875 0.58828125 0.6078125 0.58828125 0.6078125 0.59296875 0.6046875 0.59296875
3 0.60078125 0.58203125 0.603125 0.58203125 0.603125 0.58515625 0.60078125 0.58515625
3 0.703125 0.62578125 0.70625 0.62578125 0.70625 0.6296875 0.703125 0.6296875
3 0.69765625 0.6078125 0.70078125 0.6078125 0.70078125 0.61171875 0.69765625 0.61171875
3 0.72265625 0.60703125 0.7296875 0.60703125 0.7296875 0.61328125 0.72265625 0.61328125
3 0.74140625 0.61953125 0.74609375 0.61953125 0.74609375 0.62578125 0.74140625 0.62578125
3 0.734375 0.6125 0.7375 0.6125 0.7375 0.61640625 0.734375 0.61640625
3 0.73828125 0.609375 0.74140625 0.609375 0.74140625 0.6125 0.73828125 0.6125
3 0.7578125 0.621875 0.7609375 0.621875 0.7609375 0.625 0.7578125 0.625
3 0.7484375 0.6234375 0.75234375 0.6234375 0.75234375 0.6265625 0.7484375 0.6265625
3 0.83828125 0.565625 0.8421875 0.565625 0.8421875 0.571875 0.83828125 0.571875
3 0.865625 0.63515625 0.87265625 0.63515625 0.87265625 0.640625 0.865625 0.640625
3 0.87890625 0.6484375 0.884375 0.6484375 0.884375 0.65234375 0.87890625 0.65234375
