0 0.1046875 0.2296875 0.12578125 0.21640625 0.13046875 0.225 0.109375 0.2375
3 0.51796875 0.04765625 0.525 0.04765625 0.525 0.0546875 0.51796875 0.0546875
0 0.11171875 0.48046875 0.13125 0.49375 0.12421875 0.503125 0.10546875 0.490625
3 0.87421875 0.22421875 0.8875 0.21953125 0.890625 0.2265625 0.8765625 0.23125
3 0.471875 0.6359375 0.49296875 0.66328125 0.4578125 0.690625 0.4359375 0.66328125
0 0.33125 0.125 0.33671875 0.1296875 0.31328125 0.159375 0.30703125 0.1546875
0 0.1015625 0.17734375 0.10859375 0.17890625 0.10546875 0.2046875 0.0984375 0.20390625
0 0.91171875 0.38203125 0.95 0.36328125 0.9546875 0.37265625 0.91640625 0.39140625
3 0.6203125 0.20703125 0.62265625 0.20703125 0.62265625 0.2125 0.6203125 0.2125
0 0.43203125 0.25078125 0.43828125 0.24921875 0.44140625 0.265625 0.434375 0.26640625
0 0.4921875 0.20234375 0.503125 0.20234375 0.503125 0.22109375 0.4921875 0.22109375
