0 0.0 0.384375 0.021875 0.384375 0.021875 0.39296875 0.0 0.39296875
0 0.046875 0.3875 0.05859375 0.3875 0.05859375 0.39296875 0.046875 0.39296875
0 0.12421875 0.36484375 0.1734375 0.3578125 0.17578125 0.37109375 0.12578125 0.378125
0 0.0734375 0.27734375 0.08828125 0.253125 0.10078125 0.2609375 0.08515625 0.284375
0 0.0859375 0.2328125 0.10078125 0.22734375 0.10234375 0.23046875 0.0875 0.2359375
0 0.1109375 0.0484375 0.13203125 0.0359375 0.13515625 0.04140625 0.1140625 0.05390625
0 0.1140625 0.0359375 0.13984375 0.03125 0.140625 0.03671875 0.11484375 0.04140625
0 0.1609375 0.0203125 0.18359375 0.015625 0.18515625 0.02265625 0.1625 0.02734375
0 0.2109375 0.36640625 0.22734375 0.3546875 0.23125 0.36015625 0.21484375 0.371875
0 0.24609375 0.35 0.27421875 0.35 0.27421875 0.36328125 0.24609375 0.36328125
0 0.31484375 0.37890625 0.32578125 0.37890625 0.32578125 0.38671875 0.31484375 0.38671875
0 0.3515625 0.33125 0.3796875 0.33125 0.3796875 0.33984375 0.3515625 0.33984375
0 0.35234375 0.34140625 0.37890625 0.34140625 0.37890625 0.35078125 0.35234375 0.35078125
0 0.63359375 0.2578125 0.66875 0.2578125 0.66875 0.26640625 0.63359375 0.26640625
0 0.69296875 0.24375 0.71875 0.24375 0.71875 0.2515625 0.69296875 0.2515625
0 0.678125 0.2515625 0.6921875 0.2390625 0.69609375 0.24375 0.68203125 0.25625
0 0.7359375 0.2375 0.790625 0.225 0.79296875 0.23515625 0.73828125 0.24765625
0 0.6546875 0.11875 0.67578125 0.11875 0.67578125 0.13046875 0.6546875 0.13046875
0 0.75625 0.08046875 0.7703125 0.08046875 0.7703125 0.090625 0.75625 0.090625
0 0.82109375 0.08671875 0.8296875 0.08671875 0.8296875 0.0953125 0.82109375 0.0953125
0 0.9625 0.178125 0.96484375 0.18046875 0.9453125 0.20703125 0.94296875 0.20546875
0 0.93515625 0.209375 0.9390625 0.21328125 0.92421875 0.228125 0.92109375 0.225
0 0.9484375 0.19140625 0.95234375 0.19375 0.94140625 0.2109375 0.9375 0.20859375
0 0.99140625 0.14375 0.9953125 0.146875 0.97734375 0.16953125 0.9734375 0.16640625
0 0.98046875 0.1484375 0.9828125 0.15 0.97265625 0.16484375 0.96953125 0.16328125
0 0.3546875 0.06171875 0.3671875 0.06171875 0.3671875 0.07890625 0.3546875 0.07890625
3 0.89296875 0.46484375 0.8984375 0.46484375 0.8984375 0.4703125 0.89296875 0.4703125
3 0.24296875 0.3796875 0.253125 0.3796875 0.253125 0.3890625 0.24296875 0.3890625
3 0.484375 0.00234375 0.490625 0.00234375 0.490625 0.0109375 0.484375 0.0109375
