3 0.9796875 0.97265625 0.9859375 0.97265625 0.9859375 0.978125 0.9796875 0.978125
3 0.6015625 0.7703125 0.60625 0.7703125 0.60625 0.77421875 0.6015625 0.77421875
0 0.06484375 0.03984375 0.078125 0.03984375 0.078125 0.0546875 0.06484375 0.0546875
0 0.16640625 0.02109375 0.1921875 0.03515625 0.18515625 0.04765625 0.159375 0.03359375
0 0.1578125 0.0046875 0.165625 0.0046875 0.165625 0.0140625 0.1578125 0.0140625
0 0.21875 0.01484375 0.2296875 0.01484375 0.2296875 0.02265625 0.21875 0.02265625
0 0.18359375 0.059375 0.19375 0.059375 0.19375 0.07109375 0.18359375 0.07109375
0 0.02421875 0.0875 0.03359375 0.0921875 0.0265625 0.1078125 0.01640625 0.103125
0 0.10625 0.13125 0.1265625 0.121875 0.1296875 0.12890625 0.109375 0.1375
0 0.08046875 0.11796875 0.1 0.11171875 0.103125 0.12109375 0.08359375 0.12734375
0 0.009375 0.16171875 0.0265625 0.16171875 0.0265625 0.1765625 0.009375 0.1765625
0 0.128125 0.1875 0.1578125 0.175 0.16328125 0.18828125 0.134375 0.20078125
0 0.19609375 0.21875 0.2203125 0.203125 0.228125 0.21484375 0.203125 0.2296875
3 0.20546875 0.196875 0.20859375 0.196875 0.20859375 0.2015625 0.20546875 0.2015625
0 0.24921875 0.17109375 0.26328125 0.17109375 0.26328125 0.18046875 0.24921875 0.18046875
0 0.2359375 0.1484375 0.24609375 0.14375 0.2484375 0.1484375 0.2375 0.153125
0 0.2453125 0.1203125 0.259375 0.1203125 0.259375 0.13046875 0.2453125 0.13046875
0 0.23671875 0.09609375 0.25625 0.090625 0.25859375 0.0984375 0.2390625 0.10390625
0 0.32734375 0.03828125 0.33984375 0.03828125 0.33984375 0.0546875 0.32734375 0.0546875
0 0.35234375 0.00703125 0.36875 0.00703125 0.36875 0.0234375 0.35234375 0.0234375
0 0.36640625 0.209375 0.39921875 0.1953125 0.403125 0.2046875 0.3703125 0.21875
0 0.390625 0.21015625 0.40390625 0.2046875 0.40625 0.21015625 0.39375 0.21640625
0 0.621875 0.17890625 0.6625 0.1734375 0.6640625 0.18203125 0.62265625 0.1875
0 0.04921875 0.2953125 0.0671875 0.303125 0.065625 0.30859375 0.04765625 0.30078125
0 0.55546875 0.328125 0.59296875 0.334375 0.59140625 0.34453125 0.553125 0.33828125
0 0.7625 0.171875 0.77890625 0.171875 0.77890625 0.1875 0.7625 0.1875
0 0.67890625 0.14765625 0.6984375 0.153125 0.69609375 0.16171875 0.6765625 0.15703125
0 0.6484375 0.034375 0.665625 0.0484375 0.659375 0.05703125 0.64140625 0.04296875
0 0.8 0.02578125 0.8171875 0.03671875 0.81015625 0.046875 0.79296875 0.03671875
0 0.896875 0.1265625 0.91640625 0.11796875 0.921875 0.13046875 0.903125 0.1390625
0 0.9328125 0.14765625 0.9625 0.159375 0.9578125 0.16953125 0.92890625 0.1578125
0 0.95 0.16953125 0.98203125 0.1796875 0.978125 0.19296875 0.94609375 0.18359375
0 0.98125 0.16484375 0.99296875 0.1734375 0.984375 0.184375 0.9734375 0.17578125
0 0.89765625 0.1796875 0.91015625 0.1625 0.9203125 0.1703125 0.90859375 0.1875
0 0.90390625 0.2296875 0.9171875 0.23359375 0.9140625 0.246875 0.90078125 0.24375
0 0.9265625 0.190625 0.940625 0.190625 0.940625 0.20234375 0.9265625 0.20234375
0 0.85859375 0.17109375 0.87734375 0.17109375 0.87734375 0.1875 0.85859375 0.1875
0 0.98515625 0.11875 0.9984375 0.11875 0.9984375 0.1265625 0.98515625 0.1265625
0 0.84453125 0.11953125 0.8609375 0.11953125 0.8609375 0.13671875 0.84453125 0.13671875
0 0.76640625 0.309375 0.78046875 0.309375 0.78046875 0.328125 0.76640625 0.328125
0 0.78359375 0.309375 0.80234375 0.309375 0.80234375 0.3265625 0.78359375 0.3265625
