2 0.92890625 0.74921875 0.9359375 0.75546875 0.92578125 0.76640625 0.91875 0.76015625
2 0.85546875 0.77734375 0.8671875 0.76875 0.87265625 0.77578125 0.86015625 0.784375
2 0.82578125 0.8078125 0.84453125 0.79765625 0.84921875 0.8078125 0.83125 0.81796875
2 0.1328125 0.6671875 0.15703125 0.671875 0.1546875 0.68359375 0.13046875 0.67890625
2 0.78046875 0.75546875 0.7953125 0.75546875 0.7953125 0.76953125 0.78046875 0.76953125
2 0.59140625 0.8203125 0.6046875 0.8203125 0.6046875 0.828125 0.59140625 0.828125
2 0.328125 0.7078125 0.34609375 0.71640625 0.34140625 0.72578125 0.3234375 0.7171875
2 0.09140625 0.646875 0.11640625 0.65546875 0.1125 0.66875 0.08671875 0.66015625
2 0.05859375 0.63984375 0.0734375 0.64921875 0.0671875 0.65859375 0.05234375 0.6484375
2 0.196875 0.68359375 0.21171875 0.69609375 0.20625 0.70234375 0.1921875 0.68984375
2 0.47578125 0.7546875 0.49296875 0.76015625 0.49140625 0.765625 0.47421875 0.76015625
2 0.609375 0.96796875 0.62109375 0.96796875 0.62109375 0.9796875 0.609375 0.9796875
2 0.5890625 0.97265625 0.60625 0.97265625 0.60625 0.98125 0.5890625 0.98125
2 0.334375 0.98203125 0.359375 0.9859375 0.35859375 0.990625 0.33359375 0.98671875
2 0.1140625 0.89921875 0.140625 0.88984375 0.14375 0.89765625 0.1171875 0.90703125
3 0.59140625 0.571875 0.60625 0.571875 0.60625 0.59375 0.59140625 0.59375
3 0.92421875 0.45625 0.9359375 0.45625 0.9359375 0.46875 0.92421875 0.46875
3 0.340625 0.05078125 0.34921875 0.05078125 0.34921875 0.06015625 0.340625 0.06015625
2 0.7328125 0.015625 0.74765625 0.015625 0.74765625 0.0265625 0.7328125 0.0265625
2 0.8984375 0.059375 0.91328125 0.059375 0.91328125 0.07421875 0.8984375 0.07421875
2 0.94765625 0.0203125 0.97109375 0.0203125 0.97109375 0.03046875 0.94765625 0.03046875
