0 0.12734375 0.5 0.134375 0.50390625 0.1234375 0.52421875 0.11640625 0.5203125
0 0.96015625 0.22421875 0.9921875 0.22734375 0.990625 0.2375 0.959375 0.234375
0 0.5046875 0.43359375 0.53125 0.42734375 0.5328125 0.4359375 0.50625 0.4421875
0 0.67109375 0.46015625 0.70546875 0.46796875 0.703125 0.478125 0.66875 0.4703125
0 0.62890625 0.74453125 0.634375 0.73984375 0.646875 0.753125 0.64140625 0.7578125
0 0.54453125 0.75859375 0.57265625 0.76796875 0.5703125 0.77734375 0.54140625 0.76875
0 0.0234375 0.40234375 0.03203125 0.409375 0.02578125 0.41640625 0.01796875 0.40859375
0 0.934375 0.26328125 0.94921875 0.25390625 0.9546875 0.26328125 0.940625 0.27265625
3 0.02109375 0.0921875 0.0359375 0.0921875 0.0359375 0.11796875 0.02109375 0.11796875
0 0.7984375 0.3765625 0.82890625 0.36640625 0.8328125 0.37890625 0.80234375 0.38828125
0 0.27109375 0.5171875 0.27734375 0.52265625 0.26484375 0.53828125 0.25859375 0.53359375
0 0.9703125 0.884375 0.978125 0.88828125 0.96875 0.90546875 0.96171875 0.90078125
