1 0.4046875 0.74375 0.421875 0.74375 0.421875 0.7875 0.4046875 0.7875
1 0.2953125 0.8046875 0.3125 0.8046875 0.3125 0.8359375 0.2953125 0.8359375
1 0.3046875 0.771875 0.31953125 0.771875 0.31953125 0.790625 0.3046875 0.790625
1 0.3359375 0.70078125 0.34609375 0.71015625 0.328125 0.7296875 0.31796875 0.71953125
1 0.475 0.9015625 0.4921875 0.9015625 0.4921875 0.91875 0.475 0.91875
1 0.38828125 0.92109375 0.41796875 0.92109375 0.41796875 0.953125 0.38828125 0.953125
1 0.1953125 0.92109375 0.2078125 0.9328125 0.18828125 0.953125 0.17578125 0.94140625
1 0.3515625 0.82890625 0.3640625 0.8375 0.3515625 0.85625 0.3390625 0.846875
1 0.3484375 0.99296875 0.36328125 0.99296875 0.36328125 1.0 0.3484375 1.0
1 0.28203125 0.796875 0.29140625 0.803125 0.2671875 0.834375 0.25859375 0.828125
1 0.28203125 0.77578125 0.290625 0.78203125 0.27890625 0.79765625 0.2703125 0.79140625
1 0.4671875 0.75546875 0.47890625 0.75 0.4921875 0.77578125 0.48046875 0.78125
1 0.5484375 0.8046875 0.56328125 0.8046875 0.56328125 0.846875 0.5484375 0.846875
1 0.44609375 0.57734375 0.45703125 0.5859375 0.43984375 0.6078125 0.42890625 0.59921875
1 0.58203125 0.5453125 0.59296875 0.5453125 0.59296875 0.5578125 0.58203125 0.5578125
1 0.6296875 0.65234375 0.64765625 0.65234375 0.64765625 0.6625 0.6296875 0.6625
1 0.64921875 0.6375 0.6625 0.6375 0.6625 0.653125 0.64921875 0.653125
1 0.62109375 0.596875 0.6421875 0.596875 0.6421875 0.6125 0.62109375 0.6125
1 0.33984375 0.5109375 0.35546875 0.50078125 0.36015625 0.50859375 0.34453125 0.51875
1 0.475 0.5328125 0.5015625 0.5328125 0.5015625 0.5828125 0.475 0.5828125
1 0.70703125 0.4734375 0.72109375 0.48203125 0.70546875 0.50703125 0.69140625 0.4984375
1 0.684375 0.48828125 0.67578125 0.4703125 0.70546875 0.45546875 0.71484375 0.4734375
1 0.65703125 0.50078125 0.6890625 0.50078125 0.6890625 0.540625 0.65703125 0.540625
1 0.65390625 0.54140625 0.66953125 0.54140625 0.66953125 0.5546875 0.65390625 0.5546875
1 0.646875 0.55859375 0.66484375 0.55859375 0.66484375 0.57578125 0.646875 0.57578125
1 0.65546875 0.59921875 0.6734375 0.60703125 0.6625 0.6328125 0.64453125 0.625
1 0.68671875 0.5265625 0.7015625 0.53359375 0.67578125 0.5890625 0.66015625 0.58125
1 0.73984375 0.44375 0.753125 0.45 0.740625 0.47578125 0.72734375 0.46953125
1 0.778125 0.46171875 0.79375 0.46171875 0.79375 0.49453125 0.778125 0.49453125
1 0.875 0.571875 0.8921875 0.571875 0.8921875 0.58828125 0.875 0.58828125
1 0.86953125 0.6203125 0.88125 0.6203125 0.88125 0.6375 0.86953125 0.6375
1 0.80703125 0.68046875 0.815625 0.67421875 0.82734375 0.69140625 0.81875 0.69765625
1 0.8078125 0.69609375 0.82265625 0.69609375 0.82265625 0.709375 0.8078125 0.709375
1 0.80703125 0.8 0.81640625 0.8 0.81640625 0.81484375 0.80703125 0.81484375
1 0.76171875 0.89140625 0.7734375 0.90078125 0.74609375 0.9375 0.734375 0.92890625
1 0.65390625 0.33828125 0.66328125 0.34140625 0.65546875 0.365625 0.64609375 0.3625
1 0.60078125 0.3453125 0.61875 0.3453125 0.61875 0.3828125 0.60078125 0.3828125
1 0.49375 0.290625 0.5078125 0.3 0.47265625 0.353125 0.4578125 0.34296875
1 0.609375 0.20390625 0.61953125 0.20390625 0.61953125 0.22265625 0.609375 0.22265625
1 0.675 0.14921875 0.68046875 0.15703125 0.665625 0.16796875 0.659375 0.16015625
1 0.69453125 0.10234375 0.7015625 0.10859375 0.6703125 0.14453125 0.6625 0.13828125
1 0.77109375 0.03359375 0.778125 0.0390625 0.75859375 0.06171875 0.75234375 0.05546875
1 0.725 0.0390625 0.7328125 0.0453125 0.71796875 0.06171875 0.71015625 0.05546875
1 0.82109375 0.05546875 0.828125 0.06015625 0.81875 0.07421875 0.81171875 0.06953125
1 0.86015625 0.384375 0.86796875 0.384375 0.86796875 0.40390625 0.86015625 0.40390625
1 0.90625 0.4890625 0.91953125 0.47734375 0.92578125 0.484375 0.9125 0.49609375
1 0.7328125 0.3984375 0.74453125 0.3984375 0.74453125 0.4296875 0.7328125 0.4296875
1 0.73828125 0.3796875 0.74921875 0.3796875 0.74921875 0.40234375 0.73828125 0.40234375
1 0.74375 0.3578125 0.7546875 0.3578125 0.7546875 0.3765625 0.74375 0.3765625
1 0.73828125 0.33203125 0.74921875 0.334375 0.74375 0.36796875 0.73203125 0.36640625
1 0.76328125 0.32265625 0.771875 0.32421875 0.76796875 0.35234375 0.75859375 0.35078125
1 0.75546875 0.30234375 0.76875 0.30234375 0.76875 0.321875 0.75546875 0.321875
1 0.7671875 0.290625 0.77890625 0.290625 0.77890625 0.3078125 0.7671875 0.3078125
1 0.78359375 0.29765625 0.79140625 0.30390625 0.7796875 0.31953125 0.771875 0.31328125
1 0.7796875 0.2859375 0.79375 0.2859375 0.79375 0.29765625 0.7796875 0.29765625
1 0.7984375 0.290625 0.8046875 0.29609375 0.79609375 0.30703125 0.78984375 0.3015625
1 0.80234375 0.28046875 0.8109375 0.28046875 0.8109375 0.296875 0.80234375 0.296875
1 0.81171875 0.2765625 0.82109375 0.2765625 0.82109375 0.2890625 0.81171875 0.2890625
1 0.8203125 0.271875 0.83515625 0.271875 0.83515625 0.28671875 0.8203125 0.28671875
1 0.83046875 0.2671875 0.85 0.2671875 0.85 0.28359375 0.83046875 0.28359375
1 0.97734375 0.32421875 0.98984375 0.33046875 0.97734375 0.35703125 0.96484375 0.3515625
1 0.9359375 0.29453125 0.95390625 0.29453125 0.95390625 0.30859375 0.9359375 0.30859375
1 0.90546875 0.19453125 0.9125 0.19921875 0.89609375 0.2265625 0.8890625 0.22265625
1 0.89765625 0.17265625 0.91328125 0.17265625 0.91328125 0.1890625 0.89765625 0.1890625
1 0.76875 0.2234375 0.7796875 0.2234375 0.7796875 0.2375 0.76875 0.2375
3 0.0328125 0.37890625 0.0421875 0.37890625 0.0421875 0.38828125 0.0328125 0.38828125
