0 0.5515625 0.14921875 0.55546875 0.146875 0.56328125 0.16171875 0.559375 0.1640625
0 0.4703125 0.23203125 0.47265625 0.2296875 0.4828125 0.23984375 0.48125 0.2421875
0 0.490625 0.23203125 0.49375 0.23046875 0.5 0.24140625 0.49609375 0.24296875
0 0.6 0.3515625 0.61796875 0.3515625 0.61796875 0.3578125 0.6 0.3578125
0 0.6015625 0.24453125 0.61796875 0.25546875 0.615625 0.259375 0.5984375 0.24921875
0 0.5953125 0.228125 0.5984375 0.225 0.61875 0.24296875 0.61484375 0.246875
0 0.67265625 0.25703125 0.6765625 0.25234375 0.6984375 0.27109375 0.69453125 0.27578125
0 0.7171875 0.18984375 0.7234375 0.1953125 0.721875 0.19765625 0.715625 0.1921875
0 0.6109375 0.44296875 0.64765625 0.44296875 0.64765625 0.45078125 0.6109375 0.45078125
0 0.66015625 0.4515625 0.67890625 0.4515625 0.67890625 0.45625 0.66015625 0.45625
0 0.7015625 0.4625 0.72109375 0.45078125 0.72578125 0.45859375 0.70703125 0.4703125
0 0.73828125 0.484375 0.75625 0.484375 0.75625 0.4921875 0.73828125 0.4921875
0 0.67421875 0.5265625 0.71171875 0.5265625 0.71171875 0.5390625 0.67421875 0.5390625
0 0.63203125 0.5015625 0.64609375 0.5015625 0.64609375 0.5078125 0.63203125 0.5078125
0 0.7890625 0.4921875 0.79375 0.496875 0.76875 0.5203125 0.7640625 0.515625
0 0.78984375 0.503125 0.79375 0.5078125 0.78046875 0.52109375 0.77578125 0.51640625
0 0.8109375 0.5015625 0.83046875 0.5015625 0.83046875 0.5109375 0.8109375 0.5109375
0 0.83671875 0.51171875 0.8546875 0.50546875 0.85625 0.5109375 0.83828125 0.51640625
0 0.8765625 0.521875 0.88046875 0.51796875 0.89375 0.53203125 0.88984375 0.5359375
0 0.91328125 0.51953125 0.92734375 0.51953125 0.92734375 0.5328125 0.91328125 0.5328125
0 0.88125 0.4296875 0.89453125 0.4296875 0.89453125 0.43515625 0.88125 0.43515625
0 0.85859375 0.34296875 0.8625 0.34140625 0.86953125 0.359375 0.86640625 0.3609375
0 0.81484375 0.30546875 0.84296875 0.3078125 0.84296875 0.31328125 0.81484375 0.3109375
0 0.825 0.29296875 0.828125 0.29609375 0.81953125 0.30234375 0.8171875 0.29921875
0 0.840625 0.24140625 0.84453125 0.23828125 0.85546875 0.2515625 0.8515625 0.2546875
0 0.85703125 0.25390625 0.87109375 0.26015625 0.86953125 0.26328125 0.85546875 0.25703125
0 0.634375 0.31953125 0.65 0.31953125 0.65 0.32734375 0.634375 0.32734375
3 0.05625 0.05 0.065625 0.05 0.065625 0.05703125 0.05625 0.05703125
3 0.63203125 0.1390625 0.63671875 0.1390625 0.63671875 0.14375 0.63203125 0.14375
3 0.3828125 0.19453125 0.38984375 0.19453125 0.38984375 0.20234375 0.3828125 0.20234375
3 0.409375 0.17734375 0.4140625 0.17734375 0.4140625 0.1828125 0.409375 0.1828125
0 0.64296875 0.46484375 0.678125 0.4703125 0.6765625 0.478125 0.64140625 0.471875
3 0.95546875 0.58984375 0.96015625 0.58984375 0.96015625 0.596875 0.95546875 0.596875
0 0.04765625 0.0125 0.0546875 0.01875 0.0515625 0.021875 0.04453125 0.015625
0 0.08984375 0.153125 0.1 0.14453125 0.103125 0.1484375 0.09375 0.15703125
0 0.0453125 0.26875 0.05078125 0.27265625 0.0390625 0.28828125 0.03359375 0.284375
0 0.25 0.10390625 0.26875 0.1 0.27109375 0.1078125 0.2515625 0.11171875
0 0.278125 0.0984375 0.2828125 0.0984375 0.2828125 0.109375 0.278125 0.109375
0 0.31796875 0.3078125 0.33515625 0.3171875 0.33125 0.3234375 0.31484375 0.3140625
0 0.32421875 0.3828125 0.35 0.38828125 0.3484375 0.39453125 0.3234375 0.3890625
0 0.4953125 0.42109375 0.52734375 0.42109375 0.52734375 0.428125 0.4953125 0.428125
0 0.52890625 0.4125 0.54921875 0.40078125 0.553125 0.4078125 0.5328125 0.41953125
0 0.53125 0.459375 0.5515625 0.459375 0.5515625 0.46796875 0.53125 0.46796875
0 0.3953125 0.1828125 0.40390625 0.1828125 0.40390625 0.2 0.3953125 0.2
0 0.4125 0.1578125 0.4296875 0.1578125 0.4296875 0.16640625 0.4125 0.16640625
0 0.41328125 0.09375 0.43125 0.09375 0.43125 0.09921875 0.41328125 0.09921875
0 0.4609375 0.0984375 0.4640625 0.09609375 0.46953125 0.103125 0.46640625 0.10546875
