2 0.3984375 0.50625 0.42265625 0.51796875 0.4171875 0.52890625 0.39296875 0.51640625
2 0.203125 0.59609375 0.20859375 0.603125 0.19375 0.6140625 0.18828125 0.60703125
2 0.9203125 0.4640625 0.93515625 0.46875 0.93203125 0.4765625 0.91796875 0.47109375
2 0.3203125 0.31328125 0.3375 0.31328125 0.3375 0.3234375 0.3203125 0.3234375
2 0.4609375 0.33203125 0.47109375 0.3265625 0.475 0.3328125 0.46484375 0.3390625
2 0.5609375 0.4046875 0.575 0.403125 0.57578125 0.41015625 0.56171875 0.4125
2 0.57734375 0.4265625 0.58359375 0.421875 0.59609375 0.4375 0.58984375 0.4421875
2 0.065625 0.8421875 0.071875 0.8421875 0.071875 0.853125 0.065625 0.853125
2 0.853125 0.521875 0.8625 0.51796875 0.8640625 0.52265625 0.85546875 0.5265625
2 0.7265625 0.5984375 0.7546875 0.58515625 0.7578125 0.59140625 0.7296875 0.6046875
2 0.5671875 0.64921875 0.58046875 0.64453125 0.58359375 0.6515625 0.56953125 0.65703125
2 0.36484375 0.84453125 0.37734375 0.84921875 0.365625 0.8765625 0.35390625 0.87109375
