0 0.028125 0.00546875 0.03671875 0.009375 0.03046875 0.021875 0.021875 0.01796875
0 0.0625 0.2484375 0.0734375 0.23984375 0.0765625 0.24453125 0.06484375 0.25234375
0 0.10546875 0.1578125 0.11953125 0.1578125 0.11953125 0.165625 0.10546875 0.165625
0 0.1296875 0.16328125 0.13984375 0.15859375 0.1421875 0.1625 0.13203125 0.16796875
0 0.0875 0.00390625 0.09765625 0.00078125 0.09921875 0.00625 0.08828125 0.00859375
0 0.1546875 0.0578125 0.16953125 0.0578125 0.16953125 0.06484375 0.1546875 0.06484375
0 0.3359375 0.2046875 0.3421875 0.20859375 0.33515625 0.21875 0.32890625 0.2140625
0 0.365625 0.13515625 0.3875 0.13515625 0.3875 0.14375 0.365625 0.14375
0 0.3578125 0.1328125 0.36640625 0.1265625 0.36875 0.1296875 0.36015625 0.1359375
0 0.440625 0.090625 0.44453125 0.08828125 0.45 0.09765625 0.4453125 0.1
0 0.52109375 0.2296875 0.53828125 0.2296875 0.53828125 0.2421875 0.52109375 0.2421875
0 0.39609375 0.2515625 0.43046875 0.2515625 0.43046875 0.26015625 0.39609375 0.26015625
0 0.378125 0.3015625 0.39921875 0.30625 0.3984375 0.3109375 0.37734375 0.30625
0 0.59296875 0.19765625 0.609375 0.19375 0.61015625 0.196875 0.59375 0.20078125
0 0.6421875 0.14140625 0.646875 0.146875 0.64453125 0.14921875 0.63984375 0.14375
0 0.646875 0.0296875 0.67578125 0.0328125 0.67578125 0.0375 0.64609375 0.03359375
0 0.73203125 0.184375 0.75859375 0.184375 0.75859375 0.190625 0.73203125 0.190625
0 0.7421875 0.2203125 0.7578125 0.209375 0.759375 0.21171875 0.74375 0.22265625
0 0.70234375 0.20703125 0.7203125 0.20703125 0.7203125 0.2140625 0.70234375 0.2140625
0 0.78515625 0.23125 0.80234375 0.22734375 0.80390625 0.23203125 0.7859375 0.2359375
0 0.76015625 0.03984375 0.76484375 0.03671875 0.77421875 0.0515625 0.76953125 0.0546875
0 0.77421875 0.03828125 0.77890625 0.034375 0.79140625 0.05078125 0.78671875 0.0546875
0 0.85625 0.0140625 0.86640625 0.0140625 0.86640625 0.02734375 0.85625 0.02734375
0 0.87890625 0.09453125 0.8984375 0.09453125 0.8984375 0.103125 0.87890625 0.103125
0 0.93671875 0.05 0.9453125 0.05 0.9453125 0.06640625 0.93671875 0.06640625
0 0.89453125 0.00703125 0.90234375 0.00703125 0.90234375 0.021875 0.89453125 0.021875
0 0.765625 0.07578125 0.76796875 0.07734375 0.7640625 0.08203125 0.76171875 0.0796875
0 0.9125 0.25859375 0.9375 0.246875 0.94140625 0.25546875 0.91640625 0.2671875
0 0.85859375 0.14140625 0.86640625 0.14140625 0.86640625 0.15 0.85859375 0.15
3 0.3203125 0.1734375 0.328125 0.1734375 0.328125 0.18359375 0.3203125 0.18359375
3 0.8734375 0.0484375 0.8765625 0.0484375 0.8765625 0.05234375 0.8734375 0.05234375
3 0.765625 0.175 0.771875 0.175 0.771875 0.18125 0.765625 0.18125
3 0.66953125 0.16796875 0.6828125 0.16796875 0.6828125 0.1765625 0.66953125 0.1765625
3 0.4703125 0.33046875 0.475 0.33046875 0.475 0.334375 0.4703125 0.334375
3 0.86640625 0.165625 0.87890625 0.15859375 0.89375 0.184375 0.88125 0.19140625
0 0.103125 0.25625 0.10859375 0.25625 0.10859375 0.2640625 0.103125 0.2640625
0 0.43359375 0.28046875 0.44921875 0.26640625 0.453125 0.27109375 0.4375 0.28515625
0 0.378125 0.26171875 0.4015625 0.2578125 0.40234375 0.2640625 0.37890625 0.2671875
0 0.40234375 0.296875 0.4109375 0.2953125 0.4109375 0.29765625 0.40234375 0.29921875
0 0.42265625 0.29375 0.434375 0.2984375 0.4328125 0.30078125 0.421875 0.2953125
0 0.66328125 0.05 0.67265625 0.05 0.67265625 0.06171875 0.66328125 0.06171875
0 0.80390625 0.23125 0.82421875 0.23125 0.82421875 0.2453125 0.80390625 0.2453125
