2 0.215625 0.540625 0.22578125 0.52890625 0.2546875 0.553125 0.24453125 0.56484375
2 0.33125 0.49921875 0.3453125 0.49921875 0.3453125 0.5203125 0.33125 0.5203125
2 0.3171875 0.4796875 0.32890625 0.465625 0.35625 0.48828125 0.3453125 0.50234375
2 0.865625 0.47109375 0.88671875 0.47109375 0.88671875 0.484375 0.865625 0.484375
2 0.6921875 0.4109375 0.71796875 0.41796875 0.71328125 0.43515625 0.6875 0.42734375
2 0.68671875 0.46796875 0.740625 0.46796875 0.740625 0.48828125 0.68671875 0.48828125
2 0.26796875 0.60234375 0.29453125 0.60234375 0.29453125 0.63671875 0.26796875 0.63671875
2 0.365625 0.64765625 0.38125 0.64765625 0.38125 0.66640625 0.365625 0.66640625
2 0.325 0.7328125 0.3390625 0.7328125 0.3390625 0.75 0.325 0.75
2 0.24453125 0.496875 0.2546875 0.48828125 0.2703125 0.50625 0.2609375 0.51484375
2 0.3296875 0.4375 0.34609375 0.4375 0.34609375 0.4625 0.3296875 0.4625
2 0.35625 0.42421875 0.38984375 0.42421875 0.38984375 0.43828125 0.35625 0.43828125
2 0.37578125 0.4796875 0.38984375 0.4796875 0.38984375 0.49921875 0.37578125 0.49921875
2 0.34765625 0.52578125 0.353125 0.51875 0.37265625 0.53359375 0.3671875 0.540625
2 0.4125 0.5546875 0.4046875 0.575 0.36640625 0.559375 0.375 0.5390625
2 0.38125 0.51484375 0.41875 0.5359375 0.41015625 0.55078125 0.37265625 0.5296875
2 0.71171875 0.6109375 0.7453125 0.6109375 0.7453125 0.6390625 0.71171875 0.6390625
2 0.4875 0.4546875 0.509375 0.4546875 0.509375 0.46953125 0.4875 0.46953125
2 0.5796875 0.49765625 0.60234375 0.49765625 0.60234375 0.5140625 0.5796875 0.5140625
2 0.6125 0.50390625 0.63046875 0.50390625 0.63046875 0.52578125 0.6125 0.52578125
2 0.675 0.43671875 0.69375 0.43671875 0.69375 0.46171875 0.675 0.46171875
2 0.1296875 0.56015625 0.15234375 0.56015625 0.15234375 0.59140625 0.1296875 0.59140625
2 0.171875 0.46015625 0.20234375 0.46015625 0.20234375 0.49453125 0.171875 0.49453125
