2 0.64921875 0.8015625 0.65703125 0.80703125 0.64609375 0.8234375 0.63828125 0.81875
2 0.6734375 0.76953125 0.6796875 0.778125 0.653125 0.7953125 0.646875 0.78671875
2 0.3359375 0.87109375 0.34765625 0.87109375 0.34765625 0.88828125 0.3359375 0.88828125
2 0.0 0.315625 0.021875 0.315625 0.021875 0.32734375 0.0 0.32734375
2 0.00234375 0.85859375 0.0296875 0.84609375 0.0359375 0.8609375 0.009375 0.87265625
2 0.79921875 0.7625 0.8125 0.7625 0.8125 0.77109375 0.79921875 0.77109375
2 0.7828125 0.05703125 0.7890625 0.06484375 0.7703125 0.0796875 0.7640625 0.071875
2 0.828125 0.3375 0.83671875 0.346875 0.8203125 0.36171875 0.81171875 0.35234375
2 0.9921875 0.47421875 0.9984375 0.48203125 0.9796875 0.49765625 0.9734375 0.490625
2 0.9625 0.178125 0.9671875 0.18671875 0.95 0.19609375 0.9453125 0.1875
