3 0.16015625 0.81171875 0.1671875 0.81171875 0.1671875 0.81640625 0.16015625 0.81640625
3 0.1421875 0.825 0.14609375 0.825 0.14609375 0.82890625 0.1421875 0.82890625
3 0.0921875 0.85 0.09609375 0.85 0.09609375 0.853125 0.0921875 0.853125
3 0.13671875 0.8640625 0.1421875 0.8640625 0.1421875 0.86796875 0.13671875 0.86796875
3 0.19609375 0.41171875 0.2015625 0.41171875 0.2015625 0.41875 0.19609375 0.41875
3 0.6921875 0.31015625 0.696875 0.31015625 0.696875 0.315625 0.6921875 0.315625
3 0.6875 0.29765625 0.6921875 0.29765625 0.6921875 0.30234375 0.6875 0.30234375
3 0.684375 0.30546875 0.6921875 0.30546875 0.6921875 0.309375 0.684375 0.309375
3 0.47265625 0.0796875 0.48359375 0.0796875 0.48359375 0.0921875 0.47265625 0.0921875
3 0.87109375 0.39765625 0.8765625 0.39765625 0.8765625 0.403125 0.87109375 0.403125
