0 0.09296875 0.184375 0.1203125 0.184375 0.1203125 0.19921875 0.09296875 0.19921875
0 0.0828125 0.2421875 0.08984375 0.2421875 0.08984375 0.2609375 0.0828125 0.2609375
0 0.03203125 0.3421875 0.053125 0.3421875 0.053125 0.35234375 0.03203125 0.35234375
0 0.065625 0.353125 0.07265625 0.353125 0.07265625 0.36484375 0.065625 0.36484375
0 0.08828125 0.4203125 0.09765625 0.4203125 0.09765625 0.43828125 0.08828125 0.43828125
0 0.14296875 0.434375 0.16328125 0.4296875 0.1640625 0.43515625 0.14453125 0.4390625
0 0.15390625 0.43828125 0.16171875 0.43828125 0.16171875 0.446875 0.15390625 0.446875
0 0.11640625 0.4859375 0.12578125 0.4859375 0.12578125 0.49140625 0.11640625 0.49140625
0 0.16953125 0.375 0.18203125 0.38203125 0.1796875 0.38671875 0.1671875 0.37890625
0 0.221875 0.421875 0.23671875 0.421875 0.23671875 0.4296875 0.221875 0.4296875
0 0.2265625 0.08984375 0.23359375 0.08984375 0.23359375 0.10390625 0.2265625 0.10390625
0 0.2046875 0.0015625 0.209375 0.0 0.215625 0.0203125 0.2109375 0.021875
0 0.21328125 0.009375 0.21796875 0.009375 0.21796875 0.0203125 0.21328125 0.0203125
0 0.32734375 0.24765625 0.33359375 0.24453125 0.35234375 0.28359375 0.34609375 0.28671875
0 0.3546875 0.27421875 0.36015625 0.27265625 0.365625 0.28828125 0.36015625 0.28984375
0 0.340625 0.29375 0.34609375 0.29921875 0.33515625 0.3109375 0.3296875 0.30546875
0 0.2859375 0.6 0.2953125 0.6 0.2953125 0.6125 0.2859375 0.6125
0 0.3625 0.5984375 0.371875 0.5984375 0.371875 0.6125 0.3625 0.6125
0 0.45859375 0.484375 0.46640625 0.4859375 0.459375 0.51796875 0.4515625 0.51640625
3 0.809375 0.09765625 0.82265625 0.09765625 0.82265625 0.1078125 0.809375 0.1078125
3 0.5796875 0.8390625 0.5828125 0.8390625 0.5828125 0.84375 0.5796875 0.84375
0 0.45390625 0.46484375 0.46015625 0.46328125 0.4640625 0.48125 0.4578125 0.4828125
0 0.41328125 0.44375 0.41875 0.44296875 0.428125 0.48515625 0.421875 0.4859375
0 0.271875 0.5578125 0.27734375 0.5578125 0.27734375 0.56796875 0.271875 0.56796875
0 0.459375 0.51015625 0.4671875 0.51015625 0.4671875 0.525 0.459375 0.525
0 0.90390625 0.028125 0.9109375 0.028125 0.9109375 0.0515625 0.90390625 0.0515625
0 0.8984375 0.06171875 0.90625 0.06171875 0.90625 0.07265625 0.8984375 0.07265625
0 0.9609375 0.22265625 0.97109375 0.22265625 0.97109375 0.23515625 0.9609375 0.23515625
0 0.95234375 0.21484375 0.96015625 0.21484375 0.96015625 0.228125 0.95234375 0.228125
0 0.9296875 0.228125 0.93671875 0.228125 0.93671875 0.23203125 0.9296875 0.23203125
0 0.95546875 0.25 0.9625 0.25 0.9625 0.25703125 0.95546875 0.25703125
0 0.990625 0.36875 0.9984375 0.36875 0.9984375 0.390625 0.990625 0.390625
0 0.18515625 0.68125 0.19140625 0.684375 0.18359375 0.69765625 0.178125 0.69453125
0 0.12109375 0.584375 0.12734375 0.58828125 0.1203125 0.5984375 0.1140625 0.59375
0 0.10546875 0.634375 0.1140625 0.634375 0.1140625 0.6421875 0.10546875 0.6421875
0 0.14375 0.68515625 0.1515625 0.68515625 0.1515625 0.6921875 0.14375 0.6921875
0 0.1578125 0.6859375 0.1609375 0.6890625 0.15546875 0.696875 0.1515625 0.69375
0 0.165625 0.68203125 0.17109375 0.68203125 0.17109375 0.69375 0.165625 0.69375
0 0.15 0.7015625 0.15546875 0.7015625 0.15546875 0.70859375 0.15 0.70859375
0 0.20625 0.75234375 0.21640625 0.75234375 0.21640625 0.75859375 0.20625 0.75859375
0 0.38203125 0.77734375 0.38984375 0.78203125 0.38359375 0.79140625 0.3765625 0.78671875
0 0.346875 0.7375 0.35703125 0.7375 0.35703125 0.74375 0.346875 0.74375
0 0.35 0.64140625 0.3546875 0.64140625 0.3546875 0.6578125 0.35 0.6578125
0 0.2859375 0.79375 0.2953125 0.79375 0.2953125 0.79921875 0.2859375 0.79921875
0 0.63203125 0.8734375 0.64296875 0.8734375 0.64296875 0.8984375 0.63203125 0.8984375
0 0.615625 0.81171875 0.62109375 0.81171875 0.62109375 0.8328125 0.615625 0.8328125
0 0.60546875 0.81171875 0.6125 0.81171875 0.6125 0.83046875 0.60546875 0.83046875
0 0.6234375 0.82421875 0.62734375 0.82421875 0.62734375 0.83046875 0.6234375 0.83046875
0 0.5953125 0.8703125 0.603125 0.8703125 0.603125 0.88515625 0.5953125 0.88515625
0 0.6609375 0.9640625 0.67109375 0.9640625 0.67109375 0.98515625 0.6609375 0.98515625
0 0.70234375 0.953125 0.70703125 0.95625 0.69921875 0.96796875 0.69453125 0.9640625
0 0.7078125 0.9609375 0.71484375 0.9609375 0.71484375 0.96796875 0.7078125 0.96796875
0 0.7734375 0.96953125 0.7828125 0.96953125 0.7828125 0.98046875 0.7734375 0.98046875
0 0.21875 0.47265625 0.2390625 0.47265625 0.2390625 0.48125 0.21875 0.48125
0 0.121875 0.353125 0.1265625 0.353125 0.1265625 0.36640625 0.121875 0.36640625
3 0.3015625 0.0984375 0.30703125 0.0984375 0.30703125 0.10546875 0.3015625 0.10546875
3 0.16953125 0.284375 0.1734375 0.284375 0.1734375 0.29140625 0.16953125 0.29140625
3 0.178125 0.2859375 0.18203125 0.2859375 0.18203125 0.28984375 0.178125 0.28984375
3 0.1734375 0.2859375 0.1765625 0.2859375 0.1765625 0.2890625 0.1734375 0.2890625
3 0.16484375 0.27734375 0.16953125 0.27734375 0.16953125 0.28125 0.16484375 0.28125
3 0.2203125 0.28828125 0.225 0.28828125 0.225 0.29296875 0.2203125 0.29296875
0 0.32890625 0.9359375 0.3390625 0.9359375 0.3390625 0.94609375 0.32890625 0.94609375
0 0.309375 0.92734375 0.32265625 0.934375 0.32109375 0.9375 0.3078125 0.93046875
3 0.67421875 0.9875 0.678125 0.9875 0.678125 0.990625 0.67421875 0.990625
3 0.74453125 0.95859375 0.746875 0.95859375 0.746875 0.96171875 0.74453125 0.96171875
3 0.7421875 0.9609375 0.74609375 0.9609375 0.74609375 0.96328125 0.7421875 0.96328125
