2 0.52265625 0.60703125 0.53125 0.6109375 0.52265625 0.63203125 0.51328125 0.628125
2 0.72890625 0.5859375 0.7328125 0.5890625 0.72734375 0.5953125 0.7234375 0.59140625
2 0.69140625 0.734375 0.69609375 0.7328125 0.69765625 0.74296875 0.69296875 0.74375
2 0.7625 0.88046875 0.778125 0.8703125 0.784375 0.8796875 0.76875 0.8890625
2 0.99140625 0.77890625 0.99609375 0.7828125 0.98828125 0.79453125 0.98359375 0.790625
2 0.9625 0.71328125 0.9703125 0.71640625 0.965625 0.728125 0.95859375 0.72578125
2 0.20234375 0.90625 0.21328125 0.90625 0.21328125 0.91484375 0.20234375 0.91484375
2 0.3921875 0.96953125 0.41171875 0.96953125 0.41171875 0.978125 0.3921875 0.978125
2 0.1109375 0.28828125 0.128125 0.28828125 0.128125 0.2984375 0.1109375 0.2984375
2 0.60546875 0.5078125 0.621875 0.503125 0.6234375 0.51015625 0.60703125 0.51484375
2 0.03984375 0.26328125 0.04765625 0.26796875 0.03671875 0.28515625 0.0296875 0.28046875
2 0.2953125 0.2828125 0.29921875 0.284375 0.2921875 0.30234375 0.2875 0.30078125
2 0.81953125 0.484375 0.83125 0.484375 0.83125 0.49375 0.81953125 0.49375
2 0.9015625 0.43046875 0.91953125 0.4328125 0.91953125 0.43828125 0.90078125 0.43671875
2 0.85078125 0.42890625 0.85859375 0.425 0.8625 0.4328125 0.8546875 0.43671875
2 0.896875 0.478125 0.90625 0.478125 0.90625 0.48359375 0.896875 0.48359375
3 0.01171875 0.03359375 0.01875 0.03359375 0.01875 0.0421875 0.01171875 0.0421875
2 0.521875 0.2328125 0.53203125 0.2328125 0.53203125 0.24296875 0.521875 0.24296875
2 0.278125 0.4828125 0.28125 0.4890625 0.2671875 0.496875 0.2640625 0.490625
