1 0.08359375 0.409375 0.09921875 0.409375 0.09921875 0.425 0.08359375 0.425
1 0.10703125 0.3984375 0.12734375 0.3984375 0.12734375 0.409375 0.10703125 0.409375
1 0.103125 0.41953125 0.11953125 0.41953125 0.11953125 0.43203125 0.103125 0.43203125
1 0.07890625 0.4296875 0.08671875 0.4296875 0.08671875 0.43515625 0.07890625 0.43515625
1 0.0484375 0.46953125 0.059375 0.46953125 0.059375 0.47890625 0.0484375 0.47890625
1 0.00859375 0.51953125 0.02421875 0.51953125 0.02421875 0.5265625 0.00859375 0.5265625
1 0.0 0.5375 0.00859375 0.5375 0.00859375 0.55859375 0.0 0.55859375
1 0.0890625 0.37890625 0.1046875 0.37890625 0.1046875 0.39375 0.0890625 0.39375
1 0.1921875 0.37421875 0.209375 0.3609375 0.21484375 0.36796875 0.196875 0.38046875
1 0.175 0.39375 0.1859375 0.39375 0.1859375 0.4046875 0.175 0.4046875
1 0.15078125 0.34609375 0.18125 0.33828125 0.184375 0.35 0.15390625 0.35859375
1 0.2171875 0.30234375 0.22578125 0.30234375 0.22578125 0.31640625 0.2171875 0.31640625
1 0.21171875 0.3203125 0.2203125 0.3203125 0.2203125 0.32734375 0.21171875 0.32734375
1 0.19921875 0.46796875 0.21640625 0.46796875 0.21640625 0.4828125 0.19921875 0.4828125
1 0.23046875 0.43984375 0.25625 0.421875 0.271875 0.44453125 0.2453125 0.4625
1 0.228125 0.45234375 0.23984375 0.45234375 0.23984375 0.4703125 0.228125 0.4703125
1 0.23125 0.48125 0.2609375 0.48125 0.2609375 0.490625 0.23125 0.490625
1 0.27734375 0.428125 0.2953125 0.421875 0.29921875 0.43203125 0.28125 0.4390625
1 0.36640625 0.39765625 0.3859375 0.39765625 0.3859375 0.40625 0.36640625 0.40625
1 0.35859375 0.42578125 0.38828125 0.4140625 0.39453125 0.43046875 0.36484375 0.4421875
1 0.45234375 0.36953125 0.46875 0.36953125 0.46875 0.3796875 0.45234375 0.3796875
1 0.43671875 0.3609375 0.4453125 0.3703125 0.4390625 0.37578125 0.43046875 0.36640625
1 0.425 0.37109375 0.4296875 0.37109375 0.4296875 0.38125 0.425 0.38125
1 0.4109375 0.38125 0.41953125 0.37421875 0.42265625 0.37890625 0.4140625 0.3859375
1 0.4140625 0.3703125 0.42578125 0.35859375 0.43203125 0.3640625 0.4203125 0.37578125
1 0.3421875 0.29453125 0.35078125 0.29453125 0.35078125 0.3046875 0.3421875 0.3046875
1 0.33515625 0.303125 0.34765625 0.303125 0.34765625 0.3140625 0.33515625 0.3140625
1 0.31875 0.3125 0.33125 0.3125 0.33125 0.321875 0.31875 0.321875
1 0.28046875 0.27734375 0.29609375 0.27734375 0.29609375 0.290625 0.28046875 0.290625
1 0.240625 0.26484375 0.278125 0.26484375 0.278125 0.27734375 0.240625 0.27734375
1 0.5796875 0.51171875 0.6015625 0.51171875 0.6015625 0.53046875 0.5796875 0.53046875
1 0.5203125 0.415625 0.540625 0.428125 0.53671875 0.434375 0.51640625 0.42109375
1 0.51640625 0.37421875 0.534375 0.37421875 0.534375 0.38515625 0.51640625 0.38515625
1 0.234375 0.2921875 0.24453125 0.2921875 0.24453125 0.30546875 0.234375 0.30546875
1 0.24140625 0.3484375 0.25625 0.3359375 0.2609375 0.34140625 0.2453125 0.35390625
1 0.1921875 0.22734375 0.215625 0.21640625 0.2203125 0.22734375 0.196875 0.23828125
1 0.228125 0.17578125 0.2390625 0.17578125 0.2390625 0.1953125 0.228125 0.1953125
1 0.3671875 0.1890625 0.41640625 0.16953125 0.41953125 0.17890625 0.37109375 0.19765625
1 0.478125 0.228125 0.49765625 0.228125 0.49765625 0.24375 0.478125 0.24375
1 0.56484375 0.11875 0.5765625 0.125 0.56640625 0.14296875 0.5546875 0.1359375
1 0.603125 0.29140625 0.615625 0.29140625 0.615625 0.30625 0.603125 0.30625
1 0.68046875 0.3484375 0.70390625 0.3484375 0.70390625 0.3625 0.68046875 0.3625
1 0.71484375 0.334375 0.72890625 0.334375 0.72890625 0.34921875 0.71484375 0.34921875
1 0.684375 0.28828125 0.7 0.28828125 0.7 0.3015625 0.684375 0.3015625
1 0.65546875 0.24609375 0.6640625 0.24609375 0.6640625 0.25546875 0.65546875 0.25546875
1 0.6609375 0.23125 0.66875 0.23125 0.66875 0.23984375 0.6609375 0.23984375
1 0.665625 0.2046875 0.67421875 0.2046875 0.67421875 0.2125 0.665625 0.2125
1 0.67578125 0.196875 0.6859375 0.196875 0.6859375 0.20703125 0.67578125 0.20703125
1 0.721875 0.20859375 0.7328125 0.20859375 0.7328125 0.21953125 0.721875 0.21953125
1 0.7546875 0.26796875 0.7703125 0.26796875 0.7703125 0.284375 0.7546875 0.284375
1 0.76640625 0.3015625 0.7765625 0.2828125 0.784375 0.28671875 0.77421875 0.30546875
1 0.76953125 0.3171875 0.79140625 0.3171875 0.79140625 0.33046875 0.76953125 0.33046875
1 0.74140625 0.30625 0.75234375 0.30625 0.75234375 0.315625 0.74140625 0.315625
1 0.74375 0.3359375 0.7546875 0.3359375 0.7546875 0.346875 0.74375 0.346875
1 0.803125 0.3125 0.825 0.3125 0.825 0.33046875 0.803125 0.33046875
1 0.78046875 0.359375 0.79453125 0.359375 0.79453125 0.37421875 0.78046875 0.37421875
1 0.815625 0.3703125 0.84765625 0.3703125 0.84765625 0.3828125 0.815625 0.3828125
1 0.8484375 0.3578125 0.8796875 0.3578125 0.8796875 0.3671875 0.8484375 0.3671875
1 0.86796875 0.371875 0.8875 0.371875 0.8875 0.3890625 0.86796875 0.3890625
1 0.82890625 0.290625 0.83984375 0.290625 0.83984375 0.31953125 0.82890625 0.31953125
1 0.79296875 0.2921875 0.81875 0.2921875 0.81875 0.30546875 0.79296875 0.30546875
1 0.8734375 0.25390625 0.89296875 0.25390625 0.89296875 0.2640625 0.8734375 0.2640625
1 0.8390625 0.21875 0.84921875 0.21875 0.84921875 0.23359375 0.8390625 0.23359375
1 0.81484375 0.20625 0.82890625 0.20625 0.82890625 0.2171875 0.81484375 0.2171875
1 0.93828125 0.28359375 0.9640625 0.28359375 0.9640625 0.2953125 0.93828125 0.2953125
1 0.8390625 0.25 0.85859375 0.25 0.85859375 0.26171875 0.8390625 0.26171875
1 0.85234375 0.32734375 0.86484375 0.32734375 0.86484375 0.3328125 0.85234375 0.3328125
1 0.85546875 0.334375 0.8703125 0.334375 0.8703125 0.3421875 0.85546875 0.3421875
1 0.83671875 0.18125 0.8546875 0.18125 0.8546875 0.19453125 0.83671875 0.19453125
1 0.85703125 0.19375 0.86953125 0.1875 0.871875 0.1921875 0.85859375 0.1984375
1 0.8546875 0.18671875 0.86953125 0.18125 0.871875 0.18671875 0.85703125 0.1921875
1 0.9 0.184375 0.9234375 0.184375 0.9234375 0.1953125 0.9 0.1953125
1 0.38359375 0.26640625 0.4109375 0.26640625 0.4109375 0.27890625 0.38359375 0.27890625
3 0.9796875 0.0859375 0.98671875 0.0859375 0.98671875 0.09453125 0.9796875 0.09453125
3 0.96875 0.125 0.9734375 0.125 0.9734375 0.1296875 0.96875 0.1296875
3 0.96640625 0.13046875 0.971875 0.13046875 0.971875 0.13359375 0.96640625 0.13359375
3 0.6390625 0.43828125 0.6421875 0.43828125 0.6421875 0.4421875 0.6390625 0.4421875
3 0.21953125 0.62890625 0.2234375 0.62890625 0.2234375 0.63125 0.21953125 0.63125
