1 0.10859375 0.23984375 0.13671875 0.22734375 0.14140625 0.2375 0.11328125 0.25
1 0.0265625 0.2 0.03671875 0.20625 0.0265625 0.22578125 0.015625 0.2203125
1 0.17890625 0.175 0.19453125 0.1828125 0.1796875 0.2109375 0.1640625 0.20234375
1 0.203125 0.1515625 0.21640625 0.1515625 0.21640625 0.16640625 0.203125 0.16640625
1 0.09375 0.12265625 0.1046875 0.12890625 0.09609375 0.1421875 0.0859375 0.1359375
1 0.20546875 0.0921875 0.2234375 0.08359375 0.23046875 0.096875 0.21171875 0.10546875
1 0.2875 0.10390625 0.2953125 0.109375 0.28828125 0.11953125 0.2796875 0.1140625
1 0.30625 0.09140625 0.33125 0.09140625 0.33125 0.10546875 0.30625 0.10546875
1 0.2671875 0.08125 0.27421875 0.075 0.27734375 0.07890625 0.26953125 0.08515625
1 0.2578125 0.05859375 0.26796875 0.06328125 0.2578125 0.084375 0.2484375 0.0796875
1 0.284375 0.0625 0.3046875 0.0625 0.3046875 0.07578125 0.284375 0.07578125
1 0.34765625 0.04453125 0.365625 0.04453125 0.365625 0.0546875 0.34765625 0.0546875
1 0.40859375 0.03671875 0.4203125 0.046875 0.4 0.06953125 0.3890625 0.059375
1 0.42890625 0.03046875 0.4421875 0.01796875 0.45 0.02578125 0.43671875 0.03828125
1 0.446875 0.00859375 0.46328125 0.00859375 0.46328125 0.01875 0.446875 0.01875
1 0.01796875 0.05625 0.03671875 0.05625 0.03671875 0.06953125 0.01796875 0.06953125
1 0.0640625 0.0546875 0.078125 0.04296875 0.084375 0.04921875 0.0703125 0.06171875
3 0.21796875 0.4875 0.23671875 0.4875 0.23671875 0.49921875 0.21796875 0.49921875
