2 0.04375 0.0953125 0.0515625 0.096875 0.04765625 0.115625 0.040625 0.1140625
2 0.16328125 0.01875 0.16953125 0.02109375 0.1578125 0.0453125 0.1515625 0.0421875
2 0.1125 0.00703125 0.13125 0.003125 0.13203125 0.00859375 0.11328125 0.0125
2 0.8578125 0.0390625 0.86953125 0.0390625 0.86953125 0.046875 0.8578125 0.046875
2 0.846875 0.0125 0.8640625 0.00859375 0.86640625 0.01875 0.84921875 0.021875
2 0.05 0.4640625 0.05703125 0.46171875 0.06328125 0.48046875 0.05625 0.4828125
2 0.05625 0.925 0.0609375 0.93046875 0.0453125 0.94609375 0.03984375 0.94140625
2 0.28671875 0.98046875 0.30078125 0.9875 0.296875 0.99453125 0.2828125 0.9875
2 0.90390625 0.8734375 0.9078125 0.8765625 0.89296875 0.8953125 0.8890625 0.8921875
2 0.709375 0.4765625 0.71796875 0.47265625 0.72109375 0.4796875 0.7125 0.48359375
2 0.43671875 0.8453125 0.45390625 0.8453125 0.45390625 0.85234375 0.43671875 0.85234375
2 0.66640625 0.859375 0.684375 0.8453125 0.6921875 0.85625 0.67421875 0.8703125
2 0.83515625 0.434375 0.8453125 0.4421875 0.840625 0.4484375 0.83046875 0.43984375
2 0.6890625 0.07578125 0.6984375 0.08125 0.68984375 0.09453125 0.68046875 0.0890625
