2 0.103125 0.3078125 0.1203125 0.3078125 0.1203125 0.31640625 0.103125 0.31640625
2 0.1640625 0.32421875 0.178125 0.32421875 0.178125 0.3375 0.1640625 0.3375
2 0.1796875 0.2046875 0.196875 0.2046875 0.196875 0.2234375 0.1796875 0.2234375
2 0.21171875 0.2203125 0.2296875 0.2203125 0.2296875 0.23515625 0.21171875 0.23515625
2 0.45 0.1890625 0.46640625 0.1890625 0.46640625 0.20859375 0.45 0.20859375
2 0.39609375 0.15390625 0.415625 0.15390625 0.415625 0.16796875 0.39609375 0.16796875
2 0.3609375 0.22890625 0.37734375 0.22890625 0.37734375 0.246875 0.3609375 0.246875
2 0.37890625 0.28046875 0.42109375 0.28046875 0.42109375 0.31328125 0.37890625 0.31328125
2 0.621875 0.2921875 0.63203125 0.29921875 0.6203125 0.31484375 0.61015625 0.30703125
2 0.7765625 0.30546875 0.8 0.30546875 0.8 0.328125 0.7765625 0.328125
2 0.790625 0.421875 0.80078125 0.421875 0.80078125 0.4328125 0.790625 0.4328125
2 0.8421875 0.43984375 0.8546875 0.43984375 0.8546875 0.45234375 0.8421875 0.45234375
2 0.8484375 0.453125 0.86484375 0.453125 0.86484375 0.46796875 0.8484375 0.46796875
2 0.965625 0.48671875 0.9796875 0.48671875 0.9796875 0.50078125 0.965625 0.50078125
2 0.07734375 0.23125 0.0828125 0.2109375 0.12890625 0.22265625 0.12421875 0.24296875
2 0.04765625 0.2328125 0.0703125 0.24375 0.0640625 0.25625 0.04140625 0.2453125
2 0.0953125 0.06015625 0.11875 0.06015625 0.11875 0.07890625 0.0953125 0.07890625
2 0.26328125 0.00078125 0.27265625 0.00078125 0.27265625 0.01875 0.26328125 0.01875
2 0.32421875 0.065625 0.3375 0.06875 0.33203125 0.08984375 0.31953125 0.08671875
2 0.11953125 0.1140625 0.1390625 0.1140625 0.1390625 0.13046875 0.11953125 0.13046875
2 0.00078125 0.153125 0.02734375 0.153125 0.02734375 0.1734375 0.00078125 0.1734375
2 0.06328125 0.00234375 0.08046875 0.00234375 0.08046875 0.0109375 0.06328125 0.0109375
2 0.2375 0.2359375 0.253125 0.2359375 0.253125 0.24453125 0.2375 0.24453125
2 0.23203125 0.26640625 0.25078125 0.26640625 0.25078125 0.275 0.23203125 0.275
2 0.26171875 0.253125 0.271875 0.253125 0.271875 0.26953125 0.26171875 0.26953125
2 0.28828125 0.3265625 0.2984375 0.3171875 0.31328125 0.334375 0.303125 0.34296875
2 0.184375 0.33359375 0.19140625 0.3265625 0.21328125 0.34921875 0.20625 0.35546875
2 0.2125 0.34609375 0.24453125 0.34609375 0.24453125 0.36015625 0.2125 0.36015625
2 0.07421875 0.28515625 0.08828125 0.278125 0.10625 0.3109375 0.0921875 0.31875
2 0.1125 0.31875 0.13203125 0.31875 0.13203125 0.32890625 0.1125 0.32890625
2 0.56796875 0.3953125 0.5921875 0.3953125 0.5921875 0.40703125 0.56796875 0.40703125
2 0.43984375 0.43203125 0.475 0.4453125 0.46796875 0.4640625 0.4328125 0.45
2 0.5546875 0.4921875 0.57734375 0.50234375 0.57265625 0.51484375 0.54921875 0.5046875
2 0.9609375 0.596875 0.98359375 0.596875 0.98359375 0.6125 0.9609375 0.6125
2 0.95 0.62421875 0.96953125 0.62421875 0.96953125 0.63671875 0.95 0.63671875
2 0.790625 0.61796875 0.81015625 0.61796875 0.81015625 0.6359375 0.790625 0.6359375
2 0.7296875 0.31328125 0.74609375 0.31328125 0.74609375 0.33046875 0.7296875 0.33046875
2 0.68515625 0.25390625 0.6984375 0.24765625 0.71640625 0.28203125 0.70390625 0.28828125
2 0.75546875 0.2140625 0.765625 0.2046875 0.78359375 0.22421875 0.7734375 0.23359375
2 0.91953125 0.3140625 0.928125 0.30703125 0.94375 0.32734375 0.93515625 0.33359375
2 0.971875 0.359375 0.9828125 0.353125 0.99609375 0.375 0.98515625 0.38125
2 0.90625 0.2890625 0.953125 0.29921875 0.9515625 0.30859375 0.90390625 0.2984375
2 0.88359375 0.33515625 0.8875 0.32734375 0.90234375 0.33359375 0.8984375 0.34140625
2 0.678125 0.3046875 0.69453125 0.3046875 0.69453125 0.31796875 0.678125 0.31796875
2 0.56796875 0.43125 0.58203125 0.42578125 0.58984375 0.44453125 0.5765625 0.45
2 0.53984375 0.42109375 0.565625 0.42109375 0.565625 0.43125 0.53984375 0.43125
2 0.65 0.434375 0.66640625 0.434375 0.66640625 0.44609375 0.65 0.44609375
2 0.61171875 0.41328125 0.63671875 0.4203125 0.63359375 0.4296875 0.609375 0.42265625
2 0.87109375 0.6015625 0.8984375 0.60859375 0.89609375 0.61875 0.86875 0.61171875
2 0.7765625 0.36484375 0.784375 0.35625 0.8078125 0.3765625 0.8 0.3859375
2 0.61875 0.12890625 0.64375 0.12890625 0.64375 0.14609375 0.61875 0.14609375
2 0.45859375 0.38984375 0.475 0.38984375 0.475 0.40859375 0.45859375 0.40859375
2 0.5203125 0.3171875 0.56328125 0.3171875 0.56328125 0.334375 0.5203125 0.334375
