0 0.55078125 0.76171875 0.58046875 0.76171875 0.58046875 0.77109375 0.55078125 0.77109375
0 0.540625 0.771875 0.553125 0.778125 0.54296875 0.79921875 0.53046875 0.79296875
3 0.70703125 0.56875 0.721875 0.56875 0.721875 0.58671875 0.70703125 0.58671875
3 0.9125 0.503125 0.9171875 0.503125 0.9171875 0.5078125 0.9125 0.5078125
0 0.14765625 0.38671875 0.21171875 0.38671875 0.21171875 0.40859375 0.14765625 0.40859375
0 0.8046875 0.41796875 0.82734375 0.4234375 0.82421875 0.4328125 0.80234375 0.4265625
0 0.62265625 0.46484375 0.65234375 0.45390625 0.6546875 0.459375 0.625 0.4703125
0 0.06171875 0.41953125 0.07578125 0.409375 0.08359375 0.41953125 0.06953125 0.4296875
0 0.1234375 0.31171875 0.15234375 0.29609375 0.159375 0.30859375 0.13046875 0.32421875
0 0.24375 0.34609375 0.253125 0.34609375 0.253125 0.3671875 0.24375 0.3671875
0 0.6984375 0.74296875 0.72890625 0.74296875 0.72890625 0.75390625 0.6984375 0.75390625
0 0.16484375 0.7203125 0.2046875 0.7203125 0.2046875 0.73515625 0.16484375 0.73515625
0 0.13828125 0.24140625 0.14921875 0.24140625 0.14921875 0.25234375 0.13828125 0.25234375
0 0.21171875 0.7625 0.228125 0.77265625 0.2125 0.79609375 0.196875 0.7859375
0 0.15625 0.43515625 0.20625 0.42421875 0.2125 0.45234375 0.1625 0.4640625
0 0.7515625 0.42734375 0.790625 0.42734375 0.790625 0.4375 0.7515625 0.4375
0 0.4515625 0.66171875 0.46796875 0.66171875 0.46796875 0.671875 0.4515625 0.671875
0 0.415625 0.3875 0.42578125 0.3875 0.42578125 0.39921875 0.415625 0.39921875
0 0.54765625 0.465625 0.56796875 0.465625 0.56796875 0.4765625 0.54765625 0.4765625
0 0.0265625 0.378125 0.04453125 0.36484375 0.0484375 0.36953125 0.03046875 0.38359375
