3 0.09140625 0.86484375 0.09609375 0.86484375 0.09609375 0.8703125 0.09140625 0.8703125
3 0.10703125 0.90703125 0.1109375 0.90703125 0.1109375 0.91015625 0.10703125 0.91015625
2 0.02421875 0.18359375 0.04453125 0.18359375 0.04453125 0.1890625 0.02421875 0.1890625
2 0.05859375 0.13671875 0.0765625 0.13671875 0.0765625 0.15 0.05859375 0.15
2 0.1984375 0.0578125 0.21171875 0.0578125 0.21171875 0.0734375 0.1984375 0.0734375
2 0.40546875 0.0015625 0.42734375 0.0109375 0.42265625 0.02109375 0.40078125 0.01171875
2 0.72421875 0.0984375 0.73203125 0.0984375 0.73203125 0.109375 0.72421875 0.109375
2 0.4921875 0.1140625 0.4984375 0.1203125 0.4875 0.1296875 0.48203125 0.12421875
2 0.50078125 0.13515625 0.50546875 0.128125 0.51875 0.1359375 0.51484375 0.14296875
2 0.640625 0.1234375 0.64453125 0.11640625 0.67109375 0.1296875 0.66796875 0.13671875
2 0.87578125 0.053125 0.890625 0.04375 0.9109375 0.075 0.89609375 0.084375
2 0.259375 0.1609375 0.27265625 0.1703125 0.2671875 0.178125 0.25390625 0.16875
2 0.0890625 0.30859375 0.09921875 0.315625 0.0859375 0.3359375 0.07578125 0.3296875
2 0.04765625 0.35234375 0.065625 0.35234375 0.065625 0.36171875 0.04765625 0.36171875
2 0.01015625 0.35234375 0.0234375 0.35234375 0.0234375 0.36171875 0.01015625 0.36171875
2 0.046875 0.409375 0.06171875 0.409375 0.06171875 0.42265625 0.046875 0.42265625
2 0.00078125 0.4046875 0.01875 0.4046875 0.01875 0.4125 0.00078125 0.4125
2 0.003125 0.3859375 0.028125 0.3859375 0.028125 0.39609375 0.003125 0.39609375
2 0.04296875 0.38125 0.07265625 0.4 0.06796875 0.4078125 0.03828125 0.3890625
