1 0.14375 0.7 0.171875 0.690625 0.17578125 0.703125 0.14765625 0.71171875
1 0.1671875 0.68515625 0.184375 0.68515625 0.184375 0.69296875 0.1671875 0.69296875
1 0.05546875 0.66328125 0.08125 0.66328125 0.08125 0.68359375 0.05546875 0.68359375
1 0.084375 0.67578125 0.1078125 0.67578125 0.1078125 0.6875 0.084375 0.6875
1 0.190625 0.7953125 0.20859375 0.7953125 0.20859375 0.8109375 0.190625 0.8109375
1 0.00078125 0.8046875 0.03515625 0.79453125 0.03828125 0.8046875 0.00390625 0.81484375
1 0.04140625 0.909375 0.06953125 0.909375 0.06953125 0.92734375 0.04140625 0.92734375
1 0.365625 0.60078125 0.378125 0.60078125 0.378125 0.62109375 0.365625 0.62109375
1 0.24453125 0.5875 0.2671875 0.5875 0.2671875 0.609375 0.24453125 0.609375
1 0.421875 0.984375 0.43984375 0.984375 0.43984375 1.0 0.421875 1.0
1 0.50859375 0.93671875 0.525 0.93984375 0.52109375 0.9640625 0.5046875 0.96171875
1 0.54296875 0.94609375 0.56640625 0.94609375 0.56640625 0.959375 0.54296875 0.959375
1 0.54609375 0.92734375 0.56171875 0.92734375 0.56171875 0.9453125 0.54609375 0.9453125
1 0.57890625 0.915625 0.62265625 0.915625 0.62265625 0.934375 0.57890625 0.934375
1 0.6359375 0.92109375 0.66875 0.92109375 0.66875 0.93671875 0.6359375 0.93671875
1 0.67578125 0.946875 0.6984375 0.946875 0.6984375 0.96875 0.67578125 0.96875
1 0.53671875 0.853125 0.5609375 0.853125 0.5609375 0.8765625 0.53671875 0.8765625
1 0.453125 0.49453125 0.47421875 0.50625 0.45859375 0.534375 0.4375 0.5234375
1 0.471875 0.4703125 0.48359375 0.4703125 0.48359375 0.48984375 0.471875 0.48984375
1 0.47578125 0.45703125 0.4875 0.45703125 0.4875 0.4671875 0.47578125 0.4671875
1 0.51953125 0.4859375 0.54375 0.4859375 0.54375 0.5140625 0.51953125 0.5140625
1 0.53203125 0.46875 0.55 0.46875 0.55 0.4828125 0.53203125 0.4828125
1 0.53203125 0.45859375 0.5421875 0.45859375 0.5421875 0.46953125 0.53203125 0.46953125
1 0.5203125 0.4484375 0.5296875 0.4484375 0.5296875 0.46015625 0.5203125 0.46015625
1 0.525 0.4328125 0.53359375 0.4328125 0.53359375 0.44296875 0.525 0.44296875
1 0.53203125 0.4265625 0.540625 0.4265625 0.540625 0.4375 0.53203125 0.4375
1 0.4984375 0.4390625 0.51875 0.4390625 0.51875 0.459375 0.4984375 0.459375
1 0.73359375 0.51875 0.7625 0.51875 0.7625 0.5390625 0.73359375 0.5390625
1 0.240625 0.47890625 0.2671875 0.46484375 0.27578125 0.4828125 0.24921875 0.49609375
1 0.41953125 0.32734375 0.434375 0.32734375 0.434375 0.3484375 0.41953125 0.3484375
1 0.440625 0.340625 0.4484375 0.340625 0.4484375 0.3515625 0.440625 0.3515625
1 0.51640625 0.25234375 0.53203125 0.25234375 0.53203125 0.26796875 0.51640625 0.26796875
1 0.4875 0.24296875 0.49453125 0.2484375 0.47890625 0.26796875 0.47265625 0.2625
1 0.65078125 0.28125 0.66953125 0.28125 0.66953125 0.296875 0.65078125 0.296875
1 0.89609375 0.2609375 0.928125 0.2609375 0.928125 0.27890625 0.89609375 0.27890625
1 0.59296875 0.23515625 0.609375 0.23515625 0.609375 0.25625 0.59296875 0.25625
1 0.58828125 0.22109375 0.628125 0.22109375 0.628125 0.23671875 0.58828125 0.23671875
1 0.59296875 0.19296875 0.6140625 0.17890625 0.61953125 0.18828125 0.5984375 0.2015625
1 0.6984375 0.1734375 0.728125 0.15546875 0.7359375 0.16796875 0.70625 0.1859375
1 0.73671875 0.1375 0.775 0.11796875 0.78203125 0.13046875 0.74375 0.15078125
1 0.65234375 0.140625 0.6671875 0.128125 0.67578125 0.1390625 0.66171875 0.1515625
1 0.00859375 0.24765625 0.0171875 0.24765625 0.0171875 0.2640625 0.00859375 0.2640625
1 0.03125 0.22421875 0.04921875 0.22421875 0.04921875 0.23515625 0.03125 0.23515625
1 0.2625 0.45703125 0.29765625 0.43828125 0.303125 0.4484375 0.26796875 0.4671875
1 0.50703125 0.8296875 0.51640625 0.8296875 0.51640625 0.8390625 0.50703125 0.8390625
1 0.8859375 0.8859375 0.9203125 0.8859375 0.9203125 0.91796875 0.8859375 0.91796875
1 0.746875 0.91171875 0.76875 0.91171875 0.76875 0.93125 0.746875 0.93125
1 0.77890625 0.91171875 0.803125 0.8984375 0.81015625 0.9125 0.78671875 0.925
1 0.771875 0.86953125 0.79609375 0.86953125 0.79609375 0.8984375 0.771875 0.8984375
1 0.771875 0.834375 0.79609375 0.834375 0.79609375 0.85859375 0.771875 0.85859375
1 0.74921875 0.8203125 0.7703125 0.8203125 0.7703125 0.86328125 0.74921875 0.86328125
1 0.7375 0.7625 0.76171875 0.7625 0.76171875 0.796875 0.7375 0.796875
1 0.78984375 0.7421875 0.82265625 0.7421875 0.82265625 0.7578125 0.78984375 0.7578125
1 0.8359375 0.77109375 0.85625 0.77109375 0.85625 0.79453125 0.8359375 0.79453125
1 0.89140625 0.77578125 0.91640625 0.77578125 0.91640625 0.790625 0.89140625 0.790625
1 0.86796875 0.57421875 0.89453125 0.57421875 0.89453125 0.590625 0.86796875 0.590625
1 0.76796875 0.65078125 0.784375 0.65078125 0.784375 0.6640625 0.76796875 0.6640625
1 0.19609375 0.87421875 0.2125 0.86484375 0.21953125 0.8765625 0.20234375 0.8859375
