1 0.01875 0.7640625 0.02890625 0.7640625 0.02890625 0.778125 0.01875 0.778125
1 0.190625 0.92109375 0.2015625 0.92109375 0.2015625 0.9375 0.190625 0.9375
1 0.86875 0.70234375 0.8859375 0.70234375 0.8859375 0.71328125 0.86875 0.71328125
1 0.5625 0.54453125 0.5859375 0.5265625 0.5921875 0.534375 0.56796875 0.5515625
1 0.8625 0.2671875 0.8734375 0.2671875 0.8734375 0.27265625 0.8625 0.27265625
1 0.440625 0.62109375 0.45546875 0.62109375 0.45546875 0.63125 0.440625 0.63125
1 0.7296875 0.34140625 0.75703125 0.34140625 0.75703125 0.353125 0.7296875 0.353125
1 0.71796875 0.2328125 0.73984375 0.22421875 0.74453125 0.2359375 0.72265625 0.24453125
1 0.39921875 0.04375 0.41015625 0.04375 0.41015625 0.0546875 0.39921875 0.0546875
1 0.39375 0.0953125 0.40078125 0.0953125 0.40078125 0.121875 0.39375 0.121875
1 0.75 0.02265625 0.7609375 0.02265625 0.7609375 0.0390625 0.75 0.0390625
1 0.2234375 0.146875 0.234375 0.146875 0.234375 0.15546875 0.2234375 0.15546875
1 0.17578125 0.06875 0.18984375 0.06875 0.18984375 0.07421875 0.17578125 0.07421875
1 0.43828125 0.45 0.45546875 0.45 0.45546875 0.4625 0.43828125 0.4625
1 0.19296875 0.41484375 0.20703125 0.41015625 0.209375 0.41796875 0.1953125 0.42265625
1 0.3296875 0.74375 0.34453125 0.74375 0.34453125 0.75625 0.3296875 0.75625
1 0.9703125 0.43359375 0.97734375 0.428125 0.99140625 0.446875 0.984375 0.45234375
1 0.93125 0.4890625 0.9546875 0.4890625 0.9546875 0.49921875 0.93125 0.49921875
1 0.578125 0.71796875 0.5921875 0.71796875 0.5921875 0.74921875 0.578125 0.74921875
1 0.11171875 0.7046875 0.13046875 0.7046875 0.13046875 0.7171875 0.11171875 0.7171875
