0 0.43203125 0.86484375 0.46171875 0.8546875 0.4640625 0.86015625 0.434375 0.8703125
0 0.3421875 0.85859375 0.3578125 0.85078125 0.36015625 0.8546875 0.34453125 0.8625
0 0.346875 0.865625 0.3609375 0.859375 0.36328125 0.8640625 0.34921875 0.8703125
0 0.17421875 0.98046875 0.18359375 0.9734375 0.1890625 0.9796875 0.17890625 0.9875
0 0.21015625 0.73359375 0.215625 0.7375 0.19765625 0.76015625 0.19296875 0.75546875
0 0.184375 0.76015625 0.1875 0.76484375 0.16875 0.7765625 0.165625 0.771875
0 0.134375 0.78515625 0.140625 0.7890625 0.125 0.8109375 0.11875 0.80625
0 0.16015625 0.78046875 0.1671875 0.78046875 0.1671875 0.790625 0.16015625 0.790625
0 0.19609375 0.73828125 0.20078125 0.7421875 0.17421875 0.76796875 0.1703125 0.7640625
0 0.08359375 0.75078125 0.090625 0.75078125 0.090625 0.76640625 0.08359375 0.76640625
0 0.04375 0.7671875 0.05546875 0.7671875 0.05546875 0.775 0.04375 0.775
0 0.0125 0.81015625 0.03046875 0.81015625 0.03046875 0.8171875 0.0125 0.8171875
0 0.05 0.740625 0.0671875 0.73671875 0.06875 0.7421875 0.0515625 0.746875
0 0.00078125 0.9890625 0.0265625 0.9796875 0.02890625 0.98671875 0.003125 0.9953125
0 0.615625 0.565625 0.63359375 0.565625 0.63359375 0.575 0.615625 0.575
0 0.6828125 0.53984375 0.690625 0.53984375 0.690625 0.5515625 0.6828125 0.5515625
0 0.4609375 0.76015625 0.46875 0.76015625 0.46875 0.76953125 0.4609375 0.76953125
0 0.3640625 0.896875 0.37578125 0.8921875 0.378125 0.8984375 0.36640625 0.903125
0 0.3609375 0.91328125 0.36640625 0.915625 0.3625 0.92421875 0.35703125 0.921875
0 0.20703125 0.98046875 0.2140625 0.98046875 0.2140625 0.9875 0.20703125 0.9875
0 0.3453125 0.91796875 0.35 0.91953125 0.346875 0.92890625 0.3421875 0.92734375
0 0.78203125 0.9359375 0.803125 0.9359375 0.803125 0.94375 0.78203125 0.94375
0 0.528125 0.82265625 0.54765625 0.815625 0.54921875 0.81953125 0.5296875 0.8265625
0 0.57734375 0.85546875 0.58984375 0.84921875 0.59140625 0.85390625 0.5796875 0.859375
0 0.525 0.9765625 0.5328125 0.9765625 0.5328125 0.98125 0.525 0.98125
0 0.4515625 0.95546875 0.4609375 0.95546875 0.4609375 0.96171875 0.4515625 0.96171875
0 0.853125 0.96328125 0.85859375 0.96328125 0.85859375 0.975 0.853125 0.975
0 0.73046875 0.9359375 0.78203125 0.92890625 0.7828125 0.9375 0.73203125 0.9453125
0 0.39453125 0.878125 0.41328125 0.865625 0.41640625 0.86953125 0.39765625 0.88203125
0 0.8296875 0.81328125 0.8421875 0.81328125 0.8421875 0.834375 0.8296875 0.834375
0 0.4765625 0.98671875 0.49375 0.98671875 0.49375 0.996875 0.4765625 0.996875
3 0.01328125 0.58828125 0.021875 0.58828125 0.021875 0.5953125 0.01328125 0.5953125
3 0.07578125 0.49921875 0.0796875 0.49921875 0.0796875 0.50390625 0.07578125 0.50390625
3 0.0203125 0.47734375 0.0234375 0.47734375 0.0234375 0.48125 0.0203125 0.48125
3 0.03671875 0.7875 0.04140625 0.7875 0.04140625 0.7921875 0.03671875 0.7921875
3 0.20078125 0.97421875 0.20546875 0.97421875 0.20546875 0.9796875 0.20078125 0.9796875
3 0.2234375 0.98203125 0.22890625 0.98203125 0.22890625 0.9875 0.2234375 0.9875
3 0.21953125 0.9921875 0.22578125 0.9921875 0.22578125 0.99765625 0.21953125 0.99765625
3 0.4359375 0.915625 0.44375 0.915625 0.44375 0.921875 0.4359375 0.921875
3 0.48125 0.928125 0.4875 0.928125 0.4875 0.9359375 0.48125 0.9359375
3 0.44140625 0.95625 0.44609375 0.95625 0.44609375 0.96328125 0.44140625 0.96328125
3 0.5125 0.93125 0.51953125 0.93125 0.51953125 0.93671875 0.5125 0.93671875
3 0.5125 0.89296875 0.5171875 0.89296875 0.5171875 0.89921875 0.5125 0.89921875
3 0.5125 0.80546875 0.51875 0.80546875 0.51875 0.8125 0.5125 0.8125
3 0.5984375 0.85078125 0.6125 0.84453125 0.61484375 0.84921875 0.60078125 0.85546875
3 0.6390625 0.86015625 0.64375 0.86015625 0.64375 0.865625 0.6390625 0.865625
3 0.6125 0.90703125 0.61875 0.90703125 0.61875 0.9140625 0.6125 0.9140625
3 0.61953125 0.91171875 0.6234375 0.91171875 0.6234375 0.9171875 0.61953125 0.9171875
3 0.63046875 0.90546875 0.63828125 0.90546875 0.63828125 0.91875 0.63046875 0.91875
3 0.6390625 0.89921875 0.64296875 0.89921875 0.64296875 0.903125 0.6390625 0.903125
3 0.64375 0.90234375 0.65234375 0.90234375 0.65234375 0.91328125 0.64375 0.91328125
3 0.7234375 0.8609375 0.728125 0.8609375 0.728125 0.86640625 0.7234375 0.86640625
3 0.73671875 0.83515625 0.740625 0.83515625 0.740625 0.83984375 0.73671875 0.83984375
3 0.73203125 0.80625 0.73671875 0.80625 0.73671875 0.81171875 0.73203125 0.81171875
3 0.740625 0.83203125 0.746875 0.83203125 0.746875 0.83984375 0.740625 0.83984375
3 0.81875 0.81640625 0.82578125 0.81640625 0.82578125 0.825 0.81875 0.825
3 0.86484375 0.80859375 0.86875 0.80859375 0.86875 0.81484375 0.86484375 0.81484375
3 0.815625 0.878125 0.82890625 0.878125 0.82890625 0.88984375 0.815625 0.88984375
3 0.85234375 0.865625 0.85625 0.865625 0.85625 0.87109375 0.85234375 0.87109375
3 0.8484375 0.86953125 0.8546875 0.86953125 0.8546875 0.875 0.8484375 0.875
3 0.83984375 0.8703125 0.84609375 0.8703125 0.84609375 0.875 0.83984375 0.875
3 0.875 0.92265625 0.88125 0.92265625 0.88125 0.928125 0.875 0.928125
3 0.93515625 0.859375 0.94375 0.859375 0.94375 0.865625 0.93515625 0.865625
3 0.91953125 0.7859375 0.9234375 0.7859375 0.9234375 0.79140625 0.91953125 0.79140625
