1 0.55234375 0.28515625 0.5640625 0.28515625 0.5640625 0.31328125 0.55234375 0.31328125
1 0.43984375 0.10390625 0.45546875 0.09375 0.4609375 0.103125 0.4453125 0.11328125
1 0.0515625 0.3015625 0.059375 0.3015625 0.059375 0.31015625 0.0515625 0.31015625
1 0.69140625 0.69296875 0.71171875 0.69296875 0.71171875 0.70234375 0.69140625 0.70234375
1 0.86171875 0.90859375 0.884375 0.90859375 0.884375 0.9296875 0.86171875 0.9296875
1 0.196875 0.9375 0.21328125 0.9375 0.21328125 0.95078125 0.196875 0.95078125
1 0.29375 0.9546875 0.32578125 0.9546875 0.32578125 0.97265625 0.29375 0.97265625
1 0.33515625 0.95625 0.3765625 0.95625 0.3765625 0.96953125 0.33515625 0.96953125
1 0.39140625 0.96328125 0.42109375 0.9703125 0.41875 0.9796875 0.3890625 0.97265625
1 0.053125 0.99375 0.0796875 0.99375 0.0796875 1.0 0.053125 1.0
1 0.65625 0.515625 0.6671875 0.5171875 0.66328125 0.5421875 0.6515625 0.53984375
1 0.58046875 0.44765625 0.60546875 0.44765625 0.60546875 0.46328125 0.58046875 0.46328125
1 0.56328125 0.39453125 0.56953125 0.39453125 0.56953125 0.40625 0.56328125 0.40625
1 0.54140625 0.45703125 0.56640625 0.44375 0.5703125 0.45078125 0.5453125 0.4640625
1 0.21640625 0.6609375 0.2265625 0.66953125 0.196875 0.70546875 0.18671875 0.696875
1 0.55703125 0.946875 0.57109375 0.946875 0.57109375 0.95859375 0.55703125 0.95859375
1 0.52890625 0.9765625 0.54140625 0.9765625 0.54140625 0.98671875 0.52890625 0.98671875
1 0.51015625 0.953125 0.53515625 0.93828125 0.540625 0.94921875 0.51640625 0.96328125
3 0.82578125 0.85546875 0.83984375 0.85546875 0.83984375 0.87265625 0.82578125 0.87265625
1 0.89375 0.9875 0.91875 0.9875 0.91875 0.99609375 0.89375 0.99609375
3 0.778125 0.03359375 0.7890625 0.0234375 0.809375 0.0453125 0.79921875 0.05546875
1 0.49140625 0.51171875 0.53359375 0.50234375 0.5359375 0.5125 0.49375 0.521875
1 0.07421875 0.140625 0.09375 0.13515625 0.09609375 0.14375 0.07578125 0.1484375
3 0.94375 0.58359375 0.94921875 0.58359375 0.94921875 0.5890625 0.94375 0.5890625
1 0.8921875 0.775 0.90390625 0.76875 0.91328125 0.78671875 0.90234375 0.79296875
1 0.74921875 0.52578125 0.76328125 0.52578125 0.76328125 0.5390625 0.74921875 0.5390625
