1 0.57890625 0.08359375 0.5828125 0.07890625 0.59921875 0.09453125 0.59453125 0.09921875
1 0.5609375 0.06796875 0.56484375 0.0640625 0.575 0.0734375 0.571875 0.07734375
1 0.92890625 0.009375 0.94296875 0.01640625 0.93984375 0.021875 0.92578125 0.01484375
1 0.9421875 0.03828125 0.95546875 0.04609375 0.95234375 0.05234375 0.93828125 0.04453125
1 0.81484375 0.096875 0.8203125 0.09375 0.828125 0.1078125 0.82265625 0.11171875
1 0.821875 0.11640625 0.82578125 0.1140625 0.8453125 0.14140625 0.84140625 0.14453125
1 0.8109375 0.08671875 0.815625 0.084375 0.821875 0.09453125 0.8171875 0.096875
1 0.83359375 0.0265625 0.8375 0.01875 0.86015625 0.03203125 0.85625 0.0390625
1 0.91875 0.04921875 0.9375 0.05703125 0.93515625 0.0625 0.91640625 0.0546875
1 0.7921875 0.178125 0.8046875 0.1859375 0.8015625 0.19140625 0.7890625 0.1828125
1 0.80390625 0.1765625 0.81640625 0.1875 0.81171875 0.19296875 0.79921875 0.18203125
1 0.8390625 0.20859375 0.86328125 0.22734375 0.8578125 0.23359375 0.834375 0.21484375
1 0.8828125 0.19765625 0.89375 0.2109375 0.88984375 0.21484375 0.87890625 0.20078125
1 0.8921875 0.19765625 0.90625 0.2109375 0.9015625 0.215625 0.8875 0.20234375
1 0.91484375 0.26484375 0.94140625 0.284375 0.93671875 0.28984375 0.91015625 0.2703125
1 0.9375 0.2671875 0.97109375 0.2828125 0.96875 0.28671875 0.9359375 0.27109375
1 0.9671875 0.1890625 0.9984375 0.2203125 0.98984375 0.22890625 0.95859375 0.19765625
3 0.740625 0.565625 0.7484375 0.565625 0.7484375 0.5703125 0.740625 0.5703125
3 0.73515625 0.85546875 0.7453125 0.85546875 0.7453125 0.8625 0.73515625 0.8625
