1 0.61015625 0.96953125 0.61328125 0.97109375 0.6015625 0.99921875 0.5984375 0.9984375
3 0.6390625 0.8109375 0.646875 0.8109375 0.646875 0.81953125 0.6390625 0.81953125
3 0.559375 0.77734375 0.56875 0.77734375 0.56875 0.784375 0.559375 0.784375
1 0.6109375 0.953125 0.61640625 0.95546875 0.60234375 0.98828125 0.596875 0.9859375
3 0.078125 0.0984375 0.0859375 0.0984375 0.0859375 0.10546875 0.078125 0.10546875
1 0.70078125 0.79375 0.7046875 0.79609375 0.69375 0.81875 0.68984375 0.81640625
1 0.7203125 0.7265625 0.72890625 0.73125 0.71640625 0.753125 0.7078125 0.7484375
1 0.934375 0.7046875 0.9625 0.68125 0.965625 0.68515625 0.9375 0.70859375
1 0.909375 0.7296875 0.92578125 0.7171875 0.92890625 0.721875 0.91328125 0.734375
1 0.87578125 0.7796875 0.90390625 0.73671875 0.91015625 0.74140625 0.88203125 0.784375
1 0.87578125 0.8796875 0.884375 0.88515625 0.87265625 0.90546875 0.8640625 0.90078125
1 0.79609375 0.89453125 0.81015625 0.878125 0.815625 0.88359375 0.80078125 0.89921875
1 0.8375 0.8453125 0.84921875 0.8453125 0.84921875 0.853125 0.8375 0.853125
1 0.9125 0.8 0.925 0.78203125 0.93046875 0.78671875 0.91875 0.80390625
1 0.953125 0.8078125 0.97109375 0.8 0.9734375 0.80625 0.95546875 0.8140625
1 0.9765625 0.76328125 0.984375 0.7640625 0.9828125 0.7765625 0.975 0.775
1 0.9125 0.84296875 0.92578125 0.84296875 0.92578125 0.85390625 0.9125 0.85390625
1 0.92265625 0.82109375 0.93359375 0.82109375 0.93359375 0.82890625 0.92265625 0.82890625
1 0.99453125 0.8140625 1.0 0.8140625 1.0 0.821875 0.99453125 0.821875
1 0.74765625 0.97578125 0.76953125 0.95546875 0.7765625 0.96328125 0.7546875 0.9828125
1 0.71328125 0.99609375 0.725 0.9828125 0.73203125 0.9890625 0.7203125 1.00234375
1 0.93984375 0.8453125 0.946875 0.8453125 0.946875 0.859375 0.93984375 0.859375
1 0.7859375 0.88125 0.79609375 0.87265625 0.8015625 0.878125 0.790625 0.8875
1 0.93515625 0.80078125 0.9390625 0.803125 0.93515625 0.81015625 0.93125 0.8078125
1 0.959375 0.88828125 0.96796875 0.88828125 0.96796875 0.90234375 0.959375 0.90234375
1 0.63671875 0.90625 0.64453125 0.9109375 0.61484375 0.9609375 0.60703125 0.95625
