0 0.95390625 0.575 0.96328125 0.575 0.96328125 0.5890625 0.95390625 0.5890625
3 0.27734375 0.390625 0.28046875 0.390625 0.28046875 0.39453125 0.27734375 0.39453125
3 0.2453125 0.4625 0.24921875 0.4625 0.24921875 0.465625 0.2453125 0.465625
0 0.37265625 0.4984375 0.38515625 0.50859375 0.38125 0.5140625 0.36875 0.50390625
3 0.371875 0.48984375 0.38359375 0.48984375 0.38359375 0.49921875 0.371875 0.49921875
3 0.7984375 0.53203125 0.803125 0.53203125 0.803125 0.5390625 0.7984375 0.5390625
3 0.75546875 0.52578125 0.76171875 0.52578125 0.76171875 0.5296875 0.75546875 0.5296875
3 0.84375 0.56484375 0.84765625 0.56484375 0.84765625 0.56875 0.84375 0.56875
3 0.78828125 0.60546875 0.790625 0.60546875 0.790625 0.609375 0.78828125 0.609375
3 0.78671875 0.61328125 0.79140625 0.61328125 0.79140625 0.61640625 0.78671875 0.61640625
3 0.80546875 0.64375 0.8109375 0.64375 0.8109375 0.6484375 0.80546875 0.6484375
3 0.553125 0.78671875 0.55859375 0.78671875 0.55859375 0.7921875 0.553125 0.7921875
3 0.515625 0.88984375 0.5203125 0.88984375 0.5203125 0.89375 0.515625 0.89375
3 0.9140625 0.93515625 0.9203125 0.93515625 0.9203125 0.9421875 0.9140625 0.9421875
3 0.9328125 0.66796875 0.9375 0.66796875 0.9375 0.675 0.9328125 0.675
0 0.32890625 0.49453125 0.3390625 0.48984375 0.34921875 0.51328125 0.33984375 0.51796875
3 0.93359375 0.65546875 0.9390625 0.65546875 0.9390625 0.66171875 0.93359375 0.66171875
3 0.9546875 0.66484375 0.9609375 0.66484375 0.9609375 0.671875 0.9546875 0.671875
3 0.96796875 0.57265625 0.971875 0.57265625 0.971875 0.5765625 0.96796875 0.5765625
3 0.9734375 0.57421875 0.97734375 0.57421875 0.97734375 0.57890625 0.9734375 0.57890625
3 0.121875 0.88359375 0.1265625 0.88359375 0.1265625 0.88828125 0.121875 0.88828125
3 0.13203125 0.80234375 0.1375 0.80234375 0.1375 0.80703125 0.13203125 0.80703125
0 0.275 0.9265625 0.28671875 0.9265625 0.28671875 0.94609375 0.275 0.94609375
0 0.49609375 0.459375 0.509375 0.459375 0.509375 0.4671875 0.49609375 0.4671875
0 0.54609375 0.42109375 0.5640625 0.42109375 0.5640625 0.428125 0.54609375 0.428125
0 0.7125 0.74609375 0.73125 0.75703125 0.728125 0.76328125 0.70859375 0.75234375
0 0.78828125 0.74453125 0.79921875 0.74453125 0.79921875 0.75234375 0.78828125 0.75234375
0 0.6203125 0.3578125 0.6328125 0.3578125 0.6328125 0.3640625 0.6203125 0.3640625
0 0.68046875 0.38125 0.68984375 0.38125 0.68984375 0.3953125 0.68046875 0.3953125
3 0.55546875 0.32109375 0.559375 0.32109375 0.559375 0.3265625 0.55546875 0.3265625
0 0.94453125 0.48828125 0.94921875 0.4859375 0.95390625 0.496875 0.94921875 0.49921875
0 0.4765625 0.528125 0.4828125 0.528125 0.4828125 0.53984375 0.4765625 0.53984375
0 0.340625 0.4109375 0.353125 0.4078125 0.3546875 0.41171875 0.34140625 0.41484375
0 0.3453125 0.3828125 0.35078125 0.3828125 0.35078125 0.39140625 0.3453125 0.39140625
0 0.35859375 0.38671875 0.36328125 0.38515625 0.3671875 0.39921875 0.3625 0.40078125
0 0.3734375 0.39921875 0.38671875 0.3953125 0.38828125 0.4 0.375 0.40390625
0 0.39140625 0.38984375 0.3984375 0.38984375 0.3984375 0.39609375 0.39140625 0.39609375
0 0.40625 0.38671875 0.4140625 0.38671875 0.4140625 0.3921875 0.40625 0.3921875
0 0.44609375 0.259375 0.4671875 0.259375 0.4671875 0.265625 0.44609375 0.265625
0 0.49140625 0.2734375 0.521875 0.26875 0.52265625 0.275 0.4921875 0.2796875
0 0.51484375 0.39453125 0.52421875 0.39453125 0.52421875 0.4046875 0.51484375 0.4046875
0 0.534375 0.390625 0.53828125 0.390625 0.53828125 0.40234375 0.534375 0.40234375
0 0.528125 0.37421875 0.53671875 0.37421875 0.53671875 0.38046875 0.528125 0.38046875
0 0.53046875 0.4046875 0.540625 0.4046875 0.540625 0.409375 0.53046875 0.409375
0 0.54453125 0.41328125 0.55234375 0.41328125 0.55234375 0.41953125 0.54453125 0.41953125
0 0.6640625 0.56875 0.66875 0.56640625 0.678125 0.5859375 0.67265625 0.58828125
0 0.6640625 0.44296875 0.67109375 0.446875 0.66484375 0.45859375 0.6578125 0.4546875
0 0.8 0.36171875 0.8203125 0.36171875 0.8203125 0.37109375 0.8 0.37109375
0 0.84296875 0.7515625 0.853125 0.7515625 0.853125 0.7578125 0.84296875 0.7578125
0 0.76953125 0.85859375 0.78671875 0.85859375 0.78671875 0.86484375 0.76953125 0.86484375
0 0.246875 0.8875 0.2640625 0.8875 0.2640625 0.89375 0.246875 0.89375
0 0.41640625 0.9640625 0.434375 0.9640625 0.434375 0.96953125 0.41640625 0.96953125
0 0.50390625 0.98359375 0.51875 0.990625 0.5171875 0.9953125 0.5015625 0.9875
0 0.4984375 0.9875 0.5125 0.99453125 0.5109375 0.99921875 0.49609375 0.9921875
