3 0.51875 0.13515625 0.53046875 0.13515625 0.53046875 0.15 0.51875 0.15
3 0.0328125 0.525 0.03671875 0.525 0.03671875 0.53125 0.0328125 0.53125
0 0.2125 0.6640625 0.221875 0.6640625 0.221875 0.6796875 0.2125 0.6796875
0 0.19140625 0.7203125 0.2125 0.7109375 0.2171875 0.7203125 0.1953125 0.72890625
0 0.0328125 0.71328125 0.0546875 0.696875 0.0609375 0.7046875 0.03984375 0.72109375
0 0.19453125 0.846875 0.20625 0.846875 0.20625 0.8578125 0.19453125 0.8578125
0 0.12265625 0.87109375 0.13046875 0.86171875 0.13671875 0.86640625 0.12890625 0.8765625
0 0.17890625 0.884375 0.20078125 0.8796875 0.20234375 0.8875 0.18046875 0.8921875
0 0.22109375 0.97890625 0.234375 0.97421875 0.2359375 0.98046875 0.2234375 0.984375
0 0.3046875 0.95390625 0.3109375 0.95859375 0.30234375 0.96953125 0.29609375 0.96484375
0 0.31171875 0.95625 0.3296875 0.9484375 0.3328125 0.95703125 0.31484375 0.9640625
0 0.28515625 0.68515625 0.2984375 0.68515625 0.2984375 0.69921875 0.28515625 0.69921875
0 0.31171875 0.61640625 0.31796875 0.61640625 0.31796875 0.62890625 0.31171875 0.62890625
0 0.3046875 0.5890625 0.31015625 0.58515625 0.31875 0.59609375 0.3125 0.6
0 0.02265625 0.590625 0.0265625 0.58828125 0.03671875 0.6046875 0.0328125 0.60703125
0 0.371875 0.87421875 0.38046875 0.87421875 0.38046875 0.88125 0.371875 0.88125
0 0.471875 0.65546875 0.4765625 0.65390625 0.4796875 0.66328125 0.47578125 0.66484375
0 0.565625 0.7109375 0.5796875 0.7109375 0.5796875 0.71875 0.565625 0.71875
0 0.6015625 0.62421875 0.61796875 0.62421875 0.61796875 0.63515625 0.6015625 0.63515625
0 0.6265625 0.62890625 0.65390625 0.62890625 0.65390625 0.64140625 0.6265625 0.64140625
0 0.65546875 0.63515625 0.68125 0.63515625 0.68125 0.64453125 0.65546875 0.64453125
0 0.6875 0.64140625 0.70859375 0.634375 0.71171875 0.64296875 0.68984375 0.65
0 0.74453125 0.6375 0.7625 0.6375 0.7625 0.64453125 0.74453125 0.64453125
0 0.84921875 0.6515625 0.86484375 0.6515625 0.86484375 0.659375 0.84921875 0.659375
0 0.81875 0.64296875 0.83515625 0.64296875 0.83515625 0.65234375 0.81875 0.65234375
0 0.7640625 0.72421875 0.78515625 0.72421875 0.78515625 0.7359375 0.7640625 0.7359375
0 0.796875 0.8296875 0.82421875 0.8296875 0.82421875 0.8390625 0.796875 0.8390625
0 0.88125 0.7609375 0.90546875 0.7609375 0.90546875 0.771875 0.88125 0.771875
0 0.90703125 0.76171875 0.915625 0.76171875 0.915625 0.77265625 0.90703125 0.77265625
0 0.97109375 0.81484375 0.97421875 0.81796875 0.96328125 0.83203125 0.96015625 0.8296875
0 0.22109375 0.7671875 0.228125 0.7671875 0.228125 0.77578125 0.22109375 0.77578125
0 0.21171875 0.76875 0.2171875 0.76875 0.2171875 0.78046875 0.21171875 0.78046875
0 0.91328125 0.734375 0.9171875 0.7359375 0.9125 0.746875 0.90859375 0.7453125
0 0.72734375 0.98125 0.74296875 0.98125 0.74296875 0.99375 0.72734375 0.99375
