0 0.81953125 0.51015625 0.83046875 0.51015625 0.83046875 0.51953125 0.81953125 0.51953125
0 0.734375 0.0875 0.75234375 0.0875 0.75234375 0.0921875 0.734375 0.0921875
0 0.71328125 0.075 0.725 0.075 0.725 0.08671875 0.71328125 0.08671875
0 0.61328125 0.06171875 0.63515625 0.05390625 0.63828125 0.0640625 0.6171875 0.071875
0 0.68671875 0.16796875 0.69375 0.175 0.6828125 0.1875 0.675 0.18046875
0 0.121875 0.98984375 0.13046875 0.98984375 0.13046875 1.0 0.121875 1.0
0 0.59765625 0.33046875 0.61875 0.33046875 0.61875 0.3375 0.59765625 0.3375
3 0.12109375 0.328125 0.128125 0.328125 0.128125 0.33203125 0.12109375 0.33203125
0 0.1671875 0.82265625 0.19296875 0.83125 0.18984375 0.8421875 0.1640625 0.83359375
0 0.96875 0.334375 0.98046875 0.328125 0.984375 0.33515625 0.971875 0.34140625
0 0.82109375 0.628125 0.8671875 0.628125 0.8671875 0.6484375 0.82109375 0.6484375
0 0.57421875 0.7109375 0.5859375 0.7109375 0.5859375 0.72421875 0.57421875 0.72421875
0 0.35703125 0.4 0.38984375 0.3828125 0.39453125 0.39140625 0.3609375 0.40859375
0 0.57890625 0.065625 0.58984375 0.06953125 0.584375 0.0875 0.57265625 0.08359375
0 0.6578125 0.06875 0.675 0.06875 0.675 0.07890625 0.6578125 0.07890625
0 0.7046875 0.703125 0.7109375 0.703125 0.7109375 0.71796875 0.7046875 0.71796875
0 0.20625 0.78359375 0.22734375 0.78359375 0.22734375 0.7921875 0.20625 0.7921875
