0 0.896875 0.36640625 0.90625 0.371875 0.89375 0.3953125 0.88359375 0.38984375
0 0.215625 0.890625 0.2609375 0.9 0.25703125 0.91796875 0.21171875 0.90859375
0 0.596875 0.921875 0.6203125 0.91484375 0.6234375 0.92578125 0.6 0.9328125
0 0.13828125 0.8765625 0.14765625 0.87109375 0.15859375 0.8890625 0.1484375 0.89453125
3 0.8703125 0.80078125 0.8734375 0.80078125 0.8734375 0.80390625 0.8703125 0.80390625
3 0.840625 0.56640625 0.8484375 0.56640625 0.8484375 0.57421875 0.840625 0.57421875
0 0.94375 0.6640625 0.96328125 0.653125 0.9671875 0.659375 0.94765625 0.6703125
0 0.19140625 0.3875 0.209375 0.3875 0.209375 0.40078125 0.19140625 0.40078125
0 0.25859375 0.34375 0.271875 0.35 0.25859375 0.378125 0.2453125 0.37265625
0 0.2859375 0.37421875 0.315625 0.37421875 0.315625 0.39375 0.2859375 0.39375
0 0.7265625 0.58828125 0.7359375 0.58515625 0.74375 0.609375 0.73515625 0.6125
0 0.15625 0.3203125 0.16640625 0.3171875 0.17265625 0.33984375 0.1625 0.3421875
0 0.05078125 0.3421875 0.06484375 0.34453125 0.06328125 0.35546875 0.0484375 0.353125
