0 0.13203125 0.87890625 0.14765625 0.89296875 0.14296875 0.8984375 0.12734375 0.884375
0 0.1703125 0.890625 0.209375 0.90546875 0.20625 0.9125 0.1671875 0.8984375
0 0.2125 0.90546875 0.23359375 0.91484375 0.23125 0.91953125 0.21015625 0.91015625
0 0.06484375 0.90546875 0.07421875 0.91484375 0.0703125 0.91875 0.0609375 0.909375
0 0.05703125 0.93515625 0.065625 0.93515625 0.065625 0.94375 0.05703125 0.94375
0 0.09921875 0.95234375 0.11015625 0.95234375 0.11015625 0.9609375 0.09921875 0.9609375
0 0.29296875 0.9203125 0.29765625 0.9171875 0.309375 0.93359375 0.30390625 0.9375
0 0.3171875 0.94453125 0.334375 0.94453125 0.334375 0.95 0.3171875 0.95
0 0.3265625 0.93046875 0.35703125 0.93046875 0.35703125 0.9375 0.3265625 0.9375
0 0.325 0.85078125 0.34296875 0.8421875 0.3453125 0.846875 0.32734375 0.85625
0 0.321875 0.846875 0.34296875 0.83671875 0.34453125 0.840625 0.3234375 0.8515625
0 0.3921875 0.834375 0.40703125 0.834375 0.40703125 0.846875 0.3921875 0.846875
0 0.4421875 0.9203125 0.45546875 0.9203125 0.45546875 0.925 0.4421875 0.925
0 0.4359375 0.990625 0.4546875 0.990625 0.4546875 0.9953125 0.4359375 0.9953125
0 0.5546875 0.9359375 0.56484375 0.9359375 0.56484375 0.9421875 0.5546875 0.9421875
0 0.59453125 0.95859375 0.603125 0.96015625 0.60078125 0.97578125 0.5921875 0.97421875
0 0.4265625 0.728125 0.4328125 0.7296875 0.42890625 0.74609375 0.42265625 0.74453125
0 0.41953125 0.72421875 0.42265625 0.72421875 0.42265625 0.73515625 0.41953125 0.73515625
3 0.2859375 0.784375 0.2921875 0.784375 0.2921875 0.79453125 0.2859375 0.79453125
3 0.28203125 0.784375 0.28671875 0.784375 0.28671875 0.79140625 0.28203125 0.79140625
3 0.609375 0.690625 0.6234375 0.690625 0.6234375 0.7 0.609375 0.7
3 0.025 0.28515625 0.03203125 0.28515625 0.03203125 0.29140625 0.025 0.29140625
3 0.01640625 0.24609375 0.0234375 0.24609375 0.0234375 0.25234375 0.01640625 0.25234375
3 0.7140625 0.459375 0.7484375 0.459375 0.7484375 0.4875 0.7140625 0.4875
