2 0.3921875 0.69140625 0.4140625 0.69140625 0.4140625 0.7 0.3921875 0.7
2 0.2828125 0.72734375 0.29921875 0.72734375 0.29921875 0.7390625 0.2828125 0.7390625
2 0.34296875 0.703125 0.3640625 0.71484375 0.35859375 0.725 0.3375 0.71328125
2 0.94921875 0.11171875 0.9828125 0.11171875 0.9828125 0.12578125 0.94921875 0.12578125
2 0.92890625 0.125 0.94375 0.125 0.94375 0.1375 0.92890625 0.1375
2 0.8125 0.125 0.84140625 0.125 0.84140625 0.13359375 0.8125 0.13359375
2 0.7984375 0.1375 0.8171875 0.1375 0.8171875 0.146875 0.7984375 0.146875
2 0.77734375 0.14375 0.796875 0.14375 0.796875 0.1546875 0.77734375 0.1546875
2 0.6375 0.1578125 0.65625 0.1578125 0.65625 0.178125 0.6375 0.178125
2 0.51640625 0.1015625 0.5296875 0.1015625 0.5296875 0.11640625 0.51640625 0.11640625
2 0.50078125 0.1 0.5125 0.1 0.5125 0.1203125 0.50078125 0.1203125
2 0.475 0.115625 0.490625 0.115625 0.490625 0.13671875 0.475 0.13671875
2 0.35078125 0.1359375 0.3859375 0.1359375 0.3859375 0.165625 0.35078125 0.165625
2 0.23671875 0.1390625 0.25859375 0.1390625 0.25859375 0.15078125 0.23671875 0.15078125
2 0.14765625 0.171875 0.1765625 0.19375 0.16640625 0.20625 0.13828125 0.18515625
3 0.58671875 0.95234375 0.5984375 0.95234375 0.5984375 0.96015625 0.58671875 0.96015625
