2 -0.00234375 0.40234375 0.009375 0.3890625 0.04453125 0.42109375 0.03203125 0.434375
2 0.0671875 0.4546875 0.06015625 0.46328125 0.0390625 0.44609375 0.04609375 0.4375
2 0.0703125 0.43671875 0.0640625 0.4453125 0.046875 0.43203125 0.053125 0.42421875
2 0.08359375 0.46640625 0.0921875 0.45546875 0.1109375 0.4703125 0.1015625 0.48125
2 0.1328125 0.49296875 0.1265625 0.50078125 0.10625 0.48515625 0.1125 0.4765625
2 0.19140625 0.53828125 0.21875 0.55703125 0.21171875 0.56796875 0.184375 0.54921875
2 0.0984375 0.5109375 0.11015625 0.5109375 0.11015625 0.53046875 0.0984375 0.53046875
2 0.24609375 0.5890625 0.26328125 0.5890625 0.26328125 0.62109375 0.24609375 0.62109375
2 0.296875 0.61875 0.28046875 0.63671875 0.25546875 0.61328125 0.271875 0.5953125
2 0.28515625 0.63203125 0.29765625 0.63203125 0.29765625 0.64921875 0.28515625 0.64921875
2 0.3078125 0.671875 0.3171875 0.6640625 0.33046875 0.68046875 0.32109375 0.68828125
2 0.3484375 0.7015625 0.36328125 0.7015625 0.36328125 0.7203125 0.3484375 0.7203125
2 0.33203125 0.68828125 0.33984375 0.68046875 0.35078125 0.6921875 0.34296875 0.7
2 0.33203125 0.696875 0.34609375 0.696875 0.34609375 0.7109375 0.33203125 0.7109375
2 0.35390625 0.69296875 0.36015625 0.68828125 0.3703125 0.70078125 0.3640625 0.70546875
2 0.365625 0.70625 0.3796875 0.70625 0.3796875 0.73203125 0.365625 0.73203125
2 0.3796875 0.69921875 0.384375 0.69375 0.4 0.70703125 0.39609375 0.7125
2 0.40234375 0.7828125 0.41796875 0.7828125 0.41796875 0.80625 0.40234375 0.80625
2 0.42265625 0.7921875 0.43359375 0.7921875 0.43359375 0.8078125 0.42265625 0.8078125
2 0.225 0.85625 0.2453125 0.85625 0.2453125 0.8671875 0.225 0.8671875
2 0.43828125 0.9578125 0.43203125 0.965625 0.3765625 0.9234375 0.3828125 0.91484375
2 0.4078125 0.91796875 0.4234375 0.91796875 0.4234375 0.93359375 0.4078125 0.93359375
2 0.44140625 0.77890625 0.45390625 0.77890625 0.45390625 0.79296875 0.44140625 0.79296875
2 0.378125 0.64921875 0.3890625 0.64921875 0.3890625 0.66796875 0.378125 0.66796875
2 0.7203125 0.90078125 0.725 0.8921875 0.7515625 0.90703125 0.746875 0.91484375
2 0.40234375 0.6203125 0.41171875 0.61875 0.41796875 0.66484375 0.4078125 0.66640625
