1 0.26484375 0.4859375 0.27421875 0.47890625 0.2859375 0.4953125 0.27578125 0.50234375
1 0.25859375 0.39765625 0.26953125 0.40078125 0.26328125 0.42578125 0.253125 0.42265625
1 0.41953125 0.446875 0.4328125 0.45390625 0.42109375 0.4765625 0.4078125 0.46953125
1 0.4359375 0.41015625 0.44765625 0.41640625 0.4359375 0.43828125 0.42421875 0.43203125
1 0.21484375 0.65390625 0.2390625 0.64453125 0.24375 0.65625 0.21953125 0.665625
1 0.3484375 0.540625 0.365625 0.540625 0.365625 0.559375 0.3484375 0.559375
1 0.075 0.728125 0.09765625 0.721875 0.1015625 0.734375 0.078125 0.740625
1 0.10859375 0.46875 0.12421875 0.46875 0.12421875 0.4921875 0.10859375 0.4921875
1 0.059375 0.39140625 0.08046875 0.4015625 0.07265625 0.41796875 0.0515625 0.4078125
1 0.06953125 0.4484375 0.08359375 0.4328125 0.09453125 0.44296875 0.0796875 0.4578125
1 0.0359375 0.42890625 0.05078125 0.4203125 0.05859375 0.43359375 0.04296875 0.4421875
1 0.0578125 0.52734375 0.0796875 0.515625 0.0875 0.5296875 0.065625 0.54140625
1 0.5375 0.26796875 0.5515625 0.27734375 0.53046875 0.309375 0.51640625 0.3
1 0.5578125 0.23671875 0.58046875 0.22890625 0.584375 0.2390625 0.5609375 0.246875
1 0.58203125 0.1859375 0.590625 0.18984375 0.58203125 0.20703125 0.5734375 0.203125
1 0.60625 0.14609375 0.61953125 0.15234375 0.6015625 0.1890625 0.58828125 0.18203125
1 0.63046875 0.12265625 0.6375 0.12578125 0.63125 0.13984375 0.62421875 0.13671875
1 0.6 0.1265625 0.6109375 0.1328125 0.5953125 0.159375 0.584375 0.153125
1 0.565625 0.10859375 0.5921875 0.10859375 0.5921875 0.134375 0.565625 0.134375
1 0.603125 0.03984375 0.61484375 0.04375 0.60703125 0.06640625 0.5953125 0.0625
1 0.484375 0.0203125 0.496875 0.0234375 0.49140625 0.04296875 0.47890625 0.040625
1 0.44453125 0.06015625 0.45546875 0.06015625 0.45546875 0.07890625 0.44453125 0.07890625
1 0.415625 0.0953125 0.42578125 0.10078125 0.415625 0.11875 0.40546875 0.1140625
1 0.384375 0.17734375 0.39921875 0.17265625 0.4015625 0.18125 0.38671875 0.18515625
1 0.41640625 0.27734375 0.43203125 0.27734375 0.43203125 0.3078125 0.41640625 0.3078125
1 0.36328125 0.25546875 0.37734375 0.28515625 0.3640625 0.29140625 0.34921875 0.2625
1 0.34375 0.253125 0.35390625 0.2375 0.3875 0.25859375 0.37734375 0.275
1 0.28828125 0.240625 0.30234375 0.246875 0.29296875 0.265625 0.2796875 0.259375
1 0.28125 0.19140625 0.3015625 0.19140625 0.3015625 0.21640625 0.28125 0.21640625
1 0.290625 0.17890625 0.30234375 0.16640625 0.31953125 0.18203125 0.30703125 0.19453125
1 0.3078125 0.13359375 0.3296875 0.13359375 0.3296875 0.15625 0.3078125 0.15625
1 0.359375 0.10546875 0.38828125 0.08125 0.39921875 0.0953125 0.37109375 0.11875
1 0.3546875 0.01015625 0.37421875 0.0265625 0.365625 0.03671875 0.34609375 0.0203125
1 0.3078125 0.05625 0.31796875 0.05625 0.31796875 0.07109375 0.3078125 0.07109375
1 0.284375 0.0875 0.29609375 0.0875 0.29609375 0.10625 0.284375 0.10625
1 0.2390625 0.14921875 0.2453125 0.14921875 0.2453125 0.178125 0.2390625 0.178125
1 0.2109375 0.13984375 0.22421875 0.1484375 0.20859375 0.171875 0.1953125 0.16328125
1 0.20390625 0.19453125 0.2125 0.19453125 0.2125 0.215625 0.20390625 0.215625
1 0.1578125 0.2484375 0.1703125 0.2484375 0.1703125 0.27421875 0.1578125 0.27421875
1 0.0890625 0.2328125 0.10390625 0.2328125 0.10390625 0.24609375 0.0890625 0.24609375
1 0.02421875 0.2703125 0.03671875 0.259375 0.04375 0.2671875 0.03125 0.278125
1 0.00546875 0.27734375 0.0234375 0.27734375 0.0234375 0.28671875 0.00546875 0.28671875
1 0.03203125 0.28046875 0.0421875 0.28046875 0.0421875 0.2921875 0.03203125 0.2921875
1 0.03359375 0.24765625 0.05625 0.22890625 0.0640625 0.23828125 0.0421875 0.25703125
1 0.071875 0.21484375 0.096875 0.18125 0.10546875 0.1875 0.08046875 0.2203125
1 0.0 0.21015625 0.0140625 0.21015625 0.0140625 0.21953125 0.0 0.21953125
1 0.2234375 0.16875 0.23828125 0.16875 0.23828125 0.1859375 0.2234375 0.1859375
1 0.1796875 0.1796875 0.18828125 0.1796875 0.18828125 0.190625 0.1796875 0.190625
1 0.1453125 0.07421875 0.15234375 0.0796875 0.14140625 0.09453125 0.13359375 0.0890625
1 0.06796875 0.0859375 0.0734375 0.090625 0.0328125 0.134375 0.028125 0.1296875
1 0.08203125 0.03671875 0.08828125 0.04140625 0.07578125 0.05859375 0.06953125 0.05390625
3 0.22109375 0.78515625 0.22734375 0.78515625 0.22734375 0.78984375 0.22109375 0.78984375
3 0.215625 0.41640625 0.221875 0.41640625 0.221875 0.42109375 0.215625 0.42109375
3 0.6953125 0.028125 0.7 0.028125 0.7 0.03515625 0.6953125 0.03515625
3 0.0828125 0.36171875 0.12734375 0.36171875 0.12734375 0.384375 0.0828125 0.384375
3 0.54609375 0.35703125 0.5515625 0.35703125 0.5515625 0.36171875 0.54609375 0.36171875
