2 0.753125 0.346875 0.7796875 0.346875 0.7796875 0.35625 0.753125 0.35625
2 0.76015625 0.4046875 0.78671875 0.4046875 0.78671875 0.41171875 0.76015625 0.41171875
2 0.7421875 0.259375 0.75390625 0.259375 0.75390625 0.27109375 0.7421875 0.27109375
2 0.6546875 0.365625 0.6703125 0.365625 0.6703125 0.37421875 0.6546875 0.37421875
2 0.68515625 0.3453125 0.68828125 0.33984375 0.70625 0.3515625 0.703125 0.35703125
2 0.6671875 0.33359375 0.68359375 0.33359375 0.68359375 0.35078125 0.6671875 0.35078125
2 0.6484375 0.3453125 0.665625 0.3453125 0.665625 0.3609375 0.6484375 0.3609375
2 0.6453125 0.34140625 0.65 0.3515625 0.62421875 0.36328125 0.61953125 0.35234375
2 0.665625 0.3125 0.67109375 0.31875 0.6515625 0.33671875 0.64609375 0.33125
2 0.51953125 0.41796875 0.5609375 0.40390625 0.56484375 0.41328125 0.52265625 0.42734375
2 0.4875 0.43046875 0.51328125 0.41953125 0.51640625 0.42734375 0.490625 0.43828125
2 0.48671875 0.4359375 0.49375 0.4421875 0.47734375 0.46171875 0.4703125 0.45546875
2 0.48828125 0.49921875 0.51796875 0.49921875 0.51796875 0.51328125 0.48828125 0.51328125
2 0.4796875 0.5265625 0.5078125 0.5265625 0.5078125 0.540625 0.4796875 0.540625
2 0.5015625 0.55078125 0.5140625 0.55078125 0.5140625 0.56484375 0.5015625 0.56484375
2 0.47890625 0.8484375 0.50390625 0.8484375 0.50390625 0.8703125 0.47890625 0.8703125
2 0.7046875 0.1171875 0.72265625 0.1171875 0.72265625 0.12734375 0.7046875 0.12734375
2 0.64609375 0.0828125 0.66484375 0.0734375 0.671875 0.08671875 0.653125 0.096875
2 0.8953125 0.16171875 0.9015625 0.16796875 0.88125 0.18828125 0.875 0.18203125
2 0.55 0.09609375 0.56953125 0.09609375 0.56953125 0.1078125 0.55 0.1078125
2 0.56875 0.11328125 0.58046875 0.11328125 0.58046875 0.12109375 0.56875 0.12109375
2 0.0578125 0.03515625 0.0796875 0.03515625 0.0796875 0.05546875 0.0578125 0.05546875
2 0.125 0.0265625 0.1375 0.0359375 0.12421875 0.05390625 0.1109375 0.04453125
2 0.15546875 0.0421875 0.1640625 0.04921875 0.15 0.06484375 0.1421875 0.0578125
2 0.13359375 0.19140625 0.15703125 0.203125 0.15078125 0.21484375 0.12734375 0.203125
2 0.06015625 0.69921875 0.08359375 0.69921875 0.08359375 0.7171875 0.06015625 0.7171875
2 0.1828125 0.603125 0.2015625 0.59140625 0.21953125 0.61875 0.2015625 0.63046875
2 0.57109375 0.8015625 0.58203125 0.80703125 0.56875 0.83203125 0.5578125 0.82578125
2 0.96015625 0.3796875 0.996875 0.3796875 0.996875 0.39296875 0.96015625 0.39296875
2 0.82890625 0.34140625 0.85546875 0.34140625 0.85546875 0.3546875 0.82890625 0.3546875
2 0.80859375 0.3671875 0.840625 0.3671875 0.840625 0.3765625 0.80859375 0.3765625
2 0.7890625 0.3796875 0.825 0.3796875 0.825 0.3875 0.7890625 0.3875
2 0.75390625 0.36328125 0.78515625 0.36328125 0.78515625 0.37109375 0.75390625 0.37109375
