0 0.08984375 0.053125 0.11171875 0.053125 0.11171875 0.0625 0.08984375 0.0625
0 0.14609375 0.084375 0.16640625 0.0921875 0.16328125 0.10078125 0.1421875 0.09296875
0 0.784375 0.0296875 0.81015625 0.0140625 0.81484375 0.021875 0.7890625 0.0375
0 0.16953125 0.08828125 0.19453125 0.09921875 0.1890625 0.1109375 0.1640625 0.10078125
0 0.3234375 0.03125 0.34375 0.03125 0.34375 0.0390625 0.3234375 0.0390625
0 0.4265625 0.10546875 0.43671875 0.10546875 0.43671875 0.12109375 0.4265625 0.12109375
0 0.6671875 0.1875 0.6921875 0.17734375 0.6984375 0.19296875 0.67265625 0.203125
0 0.90703125 0.1578125 0.93515625 0.1578125 0.93515625 0.17109375 0.90703125 0.17109375
0 0.903125 0.31484375 0.9078125 0.31015625 0.9203125 0.321875 0.91640625 0.3265625
0 0.1796875 0.690625 0.1859375 0.69609375 0.171875 0.7109375 0.165625 0.70546875
3 0.60625 0.76328125 0.61171875 0.76328125 0.61171875 0.76875 0.60625 0.76875
0 0.1796875 0.3828125 0.1921875 0.3828125 0.1921875 0.41640625 0.1796875 0.41640625
0 0.70390625 0.5625 0.7328125 0.57421875 0.72890625 0.58359375 0.7 0.57109375
0 0.77109375 0.71015625 0.78984375 0.71015625 0.78984375 0.7203125 0.77109375 0.7203125
