2 0.046875 0.1265625 0.06484375 0.13671875 0.059375 0.1453125 0.0421875 0.134375
2 0.028125 0.1484375 0.06015625 0.1609375 0.05703125 0.16875 0.025 0.15703125
2 0.11171875 0.165625 0.1453125 0.165625 0.1453125 0.1734375 0.11171875 0.1734375
2 0.14140625 0.14375 0.15625 0.14375 0.15625 0.1484375 0.14140625 0.1484375
2 0.17734375 0.128125 0.19453125 0.128125 0.19453125 0.13515625 0.17734375 0.13515625
2 0.109375 0.22890625 0.12109375 0.22890625 0.12109375 0.23828125 0.109375 0.23828125
2 0.09609375 0.24296875 0.1125 0.24296875 0.1125 0.25234375 0.09609375 0.25234375
2 0.05625 0.2078125 0.0671875 0.2078125 0.0671875 0.21953125 0.05625 0.21953125
2 0.07578125 0.21171875 0.08203125 0.20390625 0.10234375 0.21953125 0.0953125 0.228125
2 0.10703125 0.0640625 0.125 0.065625 0.125 0.07109375 0.10625 0.06953125
2 0.209375 0.13359375 0.228125 0.13359375 0.228125 0.14296875 0.209375 0.14296875
2 0.3109375 0.134375 0.32734375 0.134375 0.32734375 0.1453125 0.3109375 0.1453125
2 0.31015625 0.16484375 0.321875 0.16484375 0.321875 0.17109375 0.31015625 0.17109375
2 0.3796875 0.190625 0.39296875 0.18203125 0.396875 0.1890625 0.384375 0.196875
2 0.3375 0.1859375 0.340625 0.18046875 0.375 0.20078125 0.371875 0.20625
2 0.44921875 0.25390625 0.46484375 0.25390625 0.46484375 0.259375 0.44921875 0.259375
2 0.346875 0.20546875 0.35546875 0.1984375 0.38515625 0.2359375 0.37578125 0.24296875
2 0.54296875 0.25 0.571875 0.25 0.571875 0.2578125 0.54296875 0.2578125
2 0.59375 0.25859375 0.61328125 0.25859375 0.61328125 0.265625 0.59375 0.265625
2 0.646875 0.27421875 0.67734375 0.27421875 0.67734375 0.28203125 0.646875 0.28203125
2 0.59921875 0.275 0.63359375 0.275 0.63359375 0.28515625 0.59921875 0.28515625
2 0.225 0.29375 0.26328125 0.30078125 0.26171875 0.309375 0.2234375 0.303125
2 0.27421875 0.30234375 0.2953125 0.29609375 0.29765625 0.3046875 0.2765625 0.3109375
2 0.29609375 0.29140625 0.3421875 0.29140625 0.3421875 0.30078125 0.29609375 0.30078125
2 0.3546875 0.2828125 0.37265625 0.2828125 0.37265625 0.29453125 0.3546875 0.29453125
2 0.378125 0.28984375 0.39296875 0.28984375 0.39296875 0.29765625 0.378125 0.29765625
2 0.3421875 0.28671875 0.35078125 0.28671875 0.35078125 0.29296875 0.3421875 0.29296875
2 0.41640625 0.28984375 0.45 0.28984375 0.45 0.2953125 0.41640625 0.2953125
2 0.45859375 0.2890625 0.4828125 0.2890625 0.4828125 0.29453125 0.45859375 0.29453125
2 0.60078125 0.23125 0.61484375 0.23125 0.61484375 0.2375 0.60078125 0.2375
2 0.415625 0.28203125 0.446875 0.28125 0.446875 0.28671875 0.415625 0.28671875
2 0.49375 0.2875 0.5171875 0.28203125 0.51875 0.2890625 0.4953125 0.29453125
2 0.521875 0.28359375 0.53984375 0.27421875 0.54375 0.2828125 0.52578125 0.2921875
2 0.58203125 0.28671875 0.6078125 0.28671875 0.6078125 0.29296875 0.58203125 0.29296875
2 0.7171875 0.2765625 0.721875 0.27265625 0.73359375 0.28515625 0.72890625 0.2890625
2 0.78046875 0.31796875 0.7875 0.31796875 0.7875 0.3265625 0.78046875 0.3265625
2 0.8234375 0.31171875 0.828125 0.30625 0.84140625 0.31796875 0.83671875 0.3234375
2 0.86875 0.321875 0.8734375 0.31640625 0.8953125 0.3359375 0.890625 0.3421875
2 0.73046875 0.2328125 0.79453125 0.2546875 0.78828125 0.271875 0.725 0.25
2 0.84921875 0.4234375 0.85546875 0.4171875 0.871875 0.43359375 0.865625 0.440625
2 0.95 0.45 0.96015625 0.4453125 0.96875 0.4625 0.95859375 0.4671875
2 0.96171875 0.440625 0.96953125 0.440625 0.96953125 0.44765625 0.96171875 0.44765625
2 0.9015625 0.4875 0.90625 0.4796875 0.9328125 0.496875 0.928125 0.50390625
2 0.71171875 0.434375 0.7171875 0.4296875 0.7515625 0.46796875 0.74609375 0.47265625
2 0.8765625 0.496875 0.88515625 0.496875 0.88515625 0.50234375 0.8765625 0.50234375
2 0.95703125 0.42421875 0.96484375 0.42421875 0.96484375 0.43046875 0.95703125 0.43046875
2 0.92734375 0.36796875 0.93359375 0.3625 0.9484375 0.38046875 0.9421875 0.38515625
2 0.946875 0.4125 0.96171875 0.4125 0.96171875 0.4234375 0.946875 0.4234375
2 0.95546875 0.409375 0.9609375 0.40390625 0.9765625 0.4203125 0.97109375 0.425
2 0.971875 0.40234375 0.97421875 0.4 0.99140625 0.4140625 0.98984375 0.41640625
2 0.9703125 0.40859375 0.97421875 0.4046875 0.99140625 0.41953125 0.9875 0.42421875
3 0.76328125 0.7453125 0.778125 0.7453125 0.778125 0.7578125 0.76328125 0.7578125
3 0.36875 0.70859375 0.38671875 0.70859375 0.38671875 0.73046875 0.36875 0.73046875
