0 0.109375 0.47734375 0.13828125 0.47734375 0.13828125 0.48671875 0.109375 0.48671875
0 0.17265625 0.47890625 0.2 0.47890625 0.2 0.48984375 0.17265625 0.48984375
0 0.2265625 0.48515625 0.26171875 0.48515625 0.26171875 0.49453125 0.2265625 0.49453125
0 0.22109375 0.51640625 0.25078125 0.51640625 0.25078125 0.52578125 0.22109375 0.52578125
0 0.04609375 0.60078125 0.065625 0.59296875 0.06796875 0.59921875 0.0484375 0.60625
0 0.1453125 0.6390625 0.1875 0.6390625 0.1875 0.64609375 0.1453125 0.64609375
0 0.33671875 0.68671875 0.3890625 0.68671875 0.3890625 0.69375 0.33671875 0.69375
0 0.3796875 0.6265625 0.40546875 0.6265625 0.40546875 0.6359375 0.3796875 0.6359375
0 0.35390625 0.61796875 0.375 0.61796875 0.375 0.6234375 0.35390625 0.6234375
0 0.46171875 0.64296875 0.48203125 0.63984375 0.4828125 0.64375 0.4625 0.64765625
0 0.49921875 0.63359375 0.5234375 0.63359375 0.5234375 0.64296875 0.49921875 0.64296875
0 0.5203125 0.66796875 0.53671875 0.66796875 0.53671875 0.67421875 0.5203125 0.67421875
0 0.5109375 0.625 0.54140625 0.61328125 0.54375 0.61953125 0.51328125 0.63046875
0 0.5296875 0.6375 0.54765625 0.62890625 0.55 0.6328125 0.53203125 0.64140625
0 0.35 0.51953125 0.359375 0.51484375 0.36171875 0.51875 0.35234375 0.52421875
0 0.13828125 0.39765625 0.14453125 0.39765625 0.14453125 0.4046875 0.13828125 0.4046875
0 0.44296875 0.4546875 0.45390625 0.4609375 0.45234375 0.4640625 0.44140625 0.4578125
0 0.4359375 0.45 0.4484375 0.45 0.4484375 0.4546875 0.4359375 0.4546875
0 0.4625 0.50546875 0.46953125 0.50546875 0.46953125 0.51171875 0.4625 0.51171875
0 0.46328125 0.4984375 0.47578125 0.503125 0.47421875 0.5078125 0.46171875 0.503125
0 0.5109375 0.5125 0.515625 0.5109375 0.51953125 0.521875 0.515625 0.5234375
0 0.571875 0.48359375 0.584375 0.48359375 0.584375 0.49296875 0.571875 0.49296875
0 0.5859375 0.47578125 0.59453125 0.47578125 0.59453125 0.48125 0.5859375 0.48125
0 0.60390625 0.4109375 0.6140625 0.40390625 0.61640625 0.40703125 0.60625 0.4140625
0 0.6828125 0.40625 0.6890625 0.40625 0.6890625 0.41796875 0.6828125 0.41796875
0 0.69765625 0.378125 0.709375 0.38203125 0.7078125 0.38671875 0.69609375 0.3828125
0 0.72109375 0.43046875 0.728125 0.43046875 0.728125 0.4375 0.72109375 0.4375
0 0.7234375 0.56875 0.75546875 0.56015625 0.75703125 0.56484375 0.725 0.5734375
0 0.72421875 0.48984375 0.74375 0.478125 0.746875 0.48203125 0.72734375 0.49453125
0 0.78203125 0.4625 0.78515625 0.465625 0.77109375 0.484375 0.7671875 0.48203125
0 0.909375 0.43046875 0.92734375 0.4234375 0.93046875 0.4296875 0.91171875 0.4375
0 0.83359375 0.3421875 0.8390625 0.3421875 0.8390625 0.35546875 0.83359375 0.35546875
0 0.815625 0.33359375 0.82421875 0.33359375 0.82421875 0.33828125 0.815625 0.33828125
0 0.8921875 0.33125 0.90703125 0.3265625 0.90859375 0.33203125 0.89453125 0.33671875
0 0.90546875 0.32265625 0.9125 0.32265625 0.9125 0.325 0.90546875 0.325
0 0.93203125 0.309375 0.94375 0.3140625 0.9421875 0.31796875 0.93046875 0.31328125
0 0.96171875 0.2921875 0.9671875 0.29453125 0.96171875 0.30859375 0.95625 0.30625
0 0.93203125 0.25703125 0.9515625 0.25703125 0.9515625 0.2640625 0.93203125 0.2640625
0 0.88671875 0.24453125 0.896875 0.24453125 0.896875 0.2484375 0.88671875 0.2484375
0 0.89921875 0.24375 0.90234375 0.24375 0.90234375 0.2546875 0.89921875 0.2546875
0 0.9765625 0.22421875 0.98671875 0.22421875 0.98671875 0.23203125 0.9765625 0.23203125
0 0.9890625 0.23203125 0.99375 0.23203125 0.99375 0.2375 0.9890625 0.2375
0 0.99375 0.22265625 0.9984375 0.22265625 0.9984375 0.23046875 0.99375 0.23046875
0 0.10546875 0.46015625 0.1140625 0.46015625 0.1140625 0.4640625 0.10546875 0.4640625
0 0.07265625 0.46171875 0.1 0.4703125 0.0984375 0.475 0.07109375 0.46640625
0 0.1265625 0.4 0.13203125 0.40234375 0.128125 0.4125 0.12265625 0.41015625
3 0.375 0.39453125 0.38125 0.39453125 0.38125 0.40078125 0.375 0.40078125
3 0.49140625 0.40546875 0.496875 0.40546875 0.496875 0.41328125 0.49140625 0.41328125
3 0.23828125 0.75859375 0.2453125 0.75859375 0.2453125 0.76328125 0.23828125 0.76328125
3 0.74453125 0.8953125 0.7609375 0.8953125 0.7609375 0.91953125 0.74453125 0.91953125
3 0.58671875 0.9546875 0.596875 0.9546875 0.596875 0.965625 0.58671875 0.965625
3 0.91328125 0.15078125 0.91796875 0.15078125 0.91796875 0.15625 0.91328125 0.15625
3 0.85 0.56015625 0.85234375 0.56015625 0.85234375 0.56328125 0.85 0.56328125
