1 0.03515625 0.146875 0.05234375 0.15625 0.0484375 0.1625 0.03125 0.15390625
1 0.01328125 0.109375 0.0265625 0.1140625 0.025 0.11875 0.01171875 0.1140625
1 0.0046875 0.0703125 0.01640625 0.07421875 0.0140625 0.0796875 0.003125 0.07578125
1 0.028125 0.0765625 0.03515625 0.0765625 0.03515625 0.0828125 0.028125 0.0828125
1 0.04375 0.078125 0.05625 0.084375 0.05078125 0.09453125 0.0390625 0.08828125
1 0.05625 0.08828125 0.06875 0.08828125 0.06875 0.096875 0.05625 0.096875
1 0.0796875 0.10078125 0.1 0.10859375 0.09765625 0.11640625 0.0765625 0.1078125
1 0.13671875 0.11484375 0.15625 0.11484375 0.15625 0.1265625 0.13671875 0.1265625
1 0.12265625 0.11328125 0.134375 0.11328125 0.134375 0.125 0.12265625 0.125
1 0.08359375 0.15703125 0.10546875 0.171875 0.1015625 0.178125 0.07890625 0.16328125
1 0.12265625 0.2171875 0.13671875 0.22890625 0.13203125 0.23515625 0.11796875 0.2234375
1 0.19375 0.30234375 0.20859375 0.30234375 0.20859375 0.3125 0.19375 0.3125
1 0.1296875 0.4140625 0.15078125 0.4140625 0.15078125 0.428125 0.1296875 0.428125
1 0.146875 0.46796875 0.15703125 0.46796875 0.15703125 0.4734375 0.146875 0.4734375
1 0.2015625 0.5046875 0.22890625 0.51484375 0.22578125 0.521875 0.19921875 0.51171875
1 0.2890625 0.54296875 0.32109375 0.553125 0.31875 0.5609375 0.28671875 0.5515625
1 0.359375 0.553125 0.3828125 0.553125 0.3828125 0.5640625 0.359375 0.5640625
1 0.41640625 0.5796875 0.43046875 0.5796875 0.43046875 0.58671875 0.41640625 0.58671875
1 0.42734375 0.55625 0.43515625 0.54921875 0.4421875 0.5578125 0.43515625 0.5640625
1 0.34296875 0.4546875 0.35625 0.4546875 0.35625 0.465625 0.34296875 0.465625
1 0.42734375 0.40859375 0.44453125 0.40859375 0.44453125 0.41953125 0.42734375 0.41953125
1 0.41015625 0.36953125 0.43203125 0.384375 0.42734375 0.3921875 0.4046875 0.3765625
1 0.34453125 0.2390625 0.36328125 0.2515625 0.359375 0.25859375 0.340625 0.24609375
1 0.3828125 0.26171875 0.40859375 0.278125 0.4046875 0.284375 0.37890625 0.26875
1 0.33046875 0.27734375 0.34453125 0.2875 0.33984375 0.29296875 0.32578125 0.2828125
1 0.5265625 0.365625 0.54140625 0.3734375 0.5375 0.3796875 0.5234375 0.371875
1 0.5125 0.37578125 0.52421875 0.37578125 0.52421875 0.38359375 0.5125 0.38359375
1 0.51875 0.40234375 0.55 0.40234375 0.55 0.4171875 0.51875 0.4171875
1 0.53828125 0.4234375 0.56015625 0.4234375 0.56015625 0.43828125 0.53828125 0.43828125
1 0.57578125 0.365625 0.60625 0.365625 0.60625 0.37421875 0.57578125 0.37421875
1 0.56484375 0.3546875 0.571875 0.3546875 0.571875 0.3609375 0.56484375 0.3609375
1 0.6078125 0.42109375 0.61328125 0.42109375 0.61328125 0.43125 0.6078125 0.43125
1 0.4859375 0.44921875 0.4984375 0.44921875 0.4984375 0.46171875 0.4859375 0.46171875
1 0.67890625 0.496875 0.6875 0.496875 0.6875 0.5046875 0.67890625 0.5046875
1 0.71484375 0.509375 0.73046875 0.509375 0.73046875 0.51953125 0.71484375 0.51953125
1 0.71171875 0.5 0.72421875 0.5 0.72421875 0.509375 0.71171875 0.509375
1 0.72890625 0.4328125 0.74375 0.4328125 0.74375 0.44375 0.72890625 0.44375
1 0.6890625 0.41328125 0.69765625 0.41328125 0.69765625 0.41953125 0.6890625 0.41953125
1 0.58203125 0.48984375 0.59453125 0.48984375 0.59453125 0.4984375 0.58203125 0.4984375
1 0.6078125 0.621875 0.61328125 0.61796875 0.625 0.63359375 0.61953125 0.63828125
1 0.55703125 0.66796875 0.596875 0.6921875 0.58984375 0.70390625 0.55 0.67890625
1 0.7625 0.71328125 0.77421875 0.71328125 0.77421875 0.73125 0.7625 0.73125
1 0.7359375 0.7234375 0.7453125 0.7171875 0.76015625 0.73984375 0.75078125 0.74609375
1 0.73515625 0.71484375 0.7390625 0.71015625 0.746875 0.71640625 0.74375 0.72109375
1 0.72890625 0.71484375 0.7359375 0.71484375 0.7359375 0.72265625 0.72890625 0.72265625
1 0.82109375 0.771875 0.834375 0.771875 0.834375 0.7828125 0.82109375 0.7828125
1 0.69140625 0.7125 0.7 0.70234375 0.725 0.721875 0.71640625 0.73203125
1 0.72109375 0.6359375 0.72734375 0.63046875 0.74140625 0.646875 0.73515625 0.65234375
1 0.87109375 0.4828125 0.89765625 0.49609375 0.89375 0.5046875 0.86640625 0.49140625
1 0.8390625 0.475 0.8640625 0.475 0.8640625 0.4875 0.8390625 0.4875
1 0.91640625 0.475 0.92265625 0.475 0.92265625 0.48359375 0.91640625 0.48359375
1 0.98046875 0.53046875 0.99453125 0.53046875 0.99453125 0.53828125 0.98046875 0.53828125
1 0.94765625 0.48828125 0.9625 0.48828125 0.9625 0.5 0.94765625 0.5
1 0.76171875 0.51484375 0.76875 0.51484375 0.76875 0.52109375 0.76171875 0.52109375
1 0.80703125 0.44609375 0.81640625 0.44609375 0.81640625 0.45390625 0.80703125 0.45390625
1 0.7875 0.67890625 0.796875 0.67890625 0.796875 0.68828125 0.7875 0.68828125
3 0.54375 0.6390625 0.54765625 0.6390625 0.54765625 0.64375 0.54375 0.64375
