0 0.1609375 0.91328125 0.1703125 0.91328125 0.1703125 0.91796875 0.1609375 0.91796875
0 0.17265625 0.90390625 0.17578125 0.90234375 0.18515625 0.91875 0.18203125 0.9203125
0 0.18984375 0.915625 0.1953125 0.915625 0.1953125 0.91875 0.18984375 0.91875
0 0.19375 0.85625 0.2 0.86171875 0.196875 0.8640625 0.19140625 0.85859375
0 0.3375 0.96875 0.34140625 0.96640625 0.35234375 0.98046875 0.3484375 0.9828125
0 0.36796875 0.96328125 0.384375 0.97109375 0.38203125 0.97578125 0.365625 0.96796875
0 0.309375 0.95 0.31875 0.9453125 0.32109375 0.95 0.31171875 0.9546875
0 0.3203125 0.9609375 0.32734375 0.9609375 0.32734375 0.9671875 0.3203125 0.9671875
0 0.3046875 0.928125 0.30859375 0.925 0.3140625 0.9328125 0.3109375 0.9359375
0 0.46015625 0.9234375 0.46328125 0.925 0.46015625 0.93125 0.45703125 0.9296875
0 0.44296875 0.915625 0.44921875 0.9140625 0.44921875 0.915625 0.44375 0.9171875
0 0.46328125 0.92265625 0.46875 0.92265625 0.46875 0.92734375 0.46328125 0.92734375
0 0.49765625 0.89921875 0.5140625 0.89921875 0.5140625 0.90546875 0.49765625 0.90546875
0 0.50625 0.86640625 0.525 0.87890625 0.52109375 0.88515625 0.50234375 0.871875
0 0.49765625 0.9359375 0.50234375 0.9359375 0.50234375 0.94296875 0.49765625 0.94296875
0 0.5046875 0.9375 0.50859375 0.9375 0.50859375 0.94609375 0.5046875 0.94609375
0 0.5890625 0.94375 0.6 0.94375 0.6 0.96640625 0.5890625 0.96640625
0 0.67109375 0.9109375 0.675 0.9078125 0.684375 0.9203125 0.68046875 0.92265625
0 0.690625 0.91796875 0.70390625 0.925 0.70234375 0.928125 0.6890625 0.9203125
0 0.71015625 0.87734375 0.721875 0.87734375 0.721875 0.89296875 0.71015625 0.89296875
3 0.0640625 0.859375 0.06875 0.859375 0.06875 0.865625 0.0640625 0.865625
3 0.41328125 0.846875 0.4171875 0.846875 0.4171875 0.85078125 0.41328125 0.85078125
3 0.47109375 0.84609375 0.47421875 0.84609375 0.47421875 0.85 0.47109375 0.85
3 0.3375 0.77890625 0.34140625 0.77890625 0.34140625 0.78203125 0.3375 0.78203125
3 0.32578125 0.7390625 0.32890625 0.7390625 0.32890625 0.74296875 0.32578125 0.74296875
3 0.3703125 0.6734375 0.37421875 0.6734375 0.37421875 0.67890625 0.3703125 0.67890625
3 0.58671875 0.88125 0.59140625 0.88125 0.59140625 0.88515625 0.58671875 0.88515625
3 0.6609375 0.884375 0.6640625 0.884375 0.6640625 0.8890625 0.6609375 0.8890625
3 0.66484375 0.7671875 0.66875 0.7671875 0.66875 0.7734375 0.66484375 0.7734375
3 0.728125 0.75390625 0.73203125 0.75390625 0.73203125 0.75859375 0.728125 0.75859375
3 0.98828125 0.50859375 0.99296875 0.50859375 0.99296875 0.51328125 0.98828125 0.51328125
3 0.52109375 0.5921875 0.52421875 0.5921875 0.52421875 0.59765625 0.52109375 0.59765625
0 0.8 0.97734375 0.82578125 0.97734375 0.82578125 0.98359375 0.8 0.98359375
0 0.68359375 0.8 0.68671875 0.80234375 0.6828125 0.8078125 0.6796875 0.80546875
0 0.38515625 0.990625 0.40234375 0.990625 0.40234375 0.9984375 0.38515625 0.9984375
