1 0.01875 0.2296875 0.0328125 0.2359375 0.02265625 0.25703125 0.009375 0.25078125
1 0.00234375 0.17578125 0.0109375 0.16953125 0.01953125 0.18046875 0.0109375 0.1875
1 0.01640625 0.1546875 0.02578125 0.1546875 0.02578125 0.16875 0.01640625 0.16875
1 0.04453125 0.13046875 0.05859375 0.13046875 0.05859375 0.16015625 0.04453125 0.16015625
1 0.06328125 0.13203125 0.08984375 0.13203125 0.08984375 0.15625 0.06328125 0.15625
1 0.0375 0.10625 0.05078125 0.10625 0.05078125 0.1203125 0.0375 0.1203125
1 0.05078125 0.0890625 0.06796875 0.0890625 0.06796875 0.10234375 0.05078125 0.10234375
1 0.065625 0.08359375 0.078125 0.08359375 0.078125 0.08984375 0.065625 0.08984375
1 0.06875 0.0921875 0.0828125 0.0921875 0.0828125 0.09765625 0.06875 0.09765625
1 0.075 0.10234375 0.08984375 0.10234375 0.08984375 0.109375 0.075 0.109375
1 0.0734375 0.05703125 0.1 0.05703125 0.1 0.08828125 0.0734375 0.08828125
1 0.08359375 0.021875 0.1078125 0.021875 0.1078125 0.0328125 0.08359375 0.0328125
1 0.1203125 0.0234375 0.1359375 0.0234375 0.1359375 0.034375 0.1203125 0.034375
1 0.034375 0.06875 0.04765625 0.06875 0.04765625 0.08125 0.034375 0.08125
1 0.021875 0.05703125 0.03203125 0.05703125 0.03203125 0.06796875 0.021875 0.06796875
1 0.13828125 0.08046875 0.1453125 0.08046875 0.1453125 0.090625 0.13828125 0.090625
3 0.01015625 0.19140625 0.01484375 0.19140625 0.01484375 0.196875 0.01015625 0.196875
3 0.20078125 0.0046875 0.2125 0.0046875 0.2125 0.015625 0.20078125 0.015625
3 0.2046875 0.02578125 0.2078125 0.02578125 0.2078125 0.0296875 0.2046875 0.0296875
