0 0.9546875 0.78828125 0.975 0.78828125 0.975 0.7953125 0.9546875 0.7953125
0 0.153125 0.88515625 0.16796875 0.871875 0.171875 0.8765625 0.15703125 0.8890625
0 0.09765625 0.56953125 0.1078125 0.56953125 0.1078125 0.575 0.09765625 0.575
0 0.0640625 0.565625 0.07109375 0.565625 0.07109375 0.58515625 0.0640625 0.58515625
0 0.0796875 0.575 0.0859375 0.575 0.0859375 0.58046875 0.0796875 0.58046875
0 0.1 0.56015625 0.10859375 0.56015625 0.10859375 0.56796875 0.1 0.56796875
0 0.1453125 0.63125 0.15390625 0.63125 0.15390625 0.6375 0.1453125 0.6375
0 0.203125 0.52890625 0.209375 0.52890625 0.209375 0.546875 0.203125 0.546875
0 0.21015625 0.53515625 0.21484375 0.53515625 0.21484375 0.5421875 0.21015625 0.5421875
0 0.2203125 0.490625 0.24453125 0.484375 0.2453125 0.48828125 0.22109375 0.49453125
0 0.2703125 0.5203125 0.2734375 0.5234375 0.26171875 0.53828125 0.2578125 0.5359375
0 0.2953125 0.5671875 0.30703125 0.5609375 0.309375 0.565625 0.29765625 0.571875
0 0.44453125 0.80625 0.4671875 0.80625 0.4671875 0.8125 0.44453125 0.8125
0 0.371875 0.87265625 0.3953125 0.87265625 0.3953125 0.87890625 0.371875 0.87890625
0 0.4421875 0.70390625 0.46015625 0.7109375 0.4578125 0.7171875 0.43984375 0.71015625
0 0.42734375 0.65546875 0.45 0.65546875 0.45 0.66328125 0.42734375 0.66328125
0 0.35625 0.62421875 0.365625 0.62421875 0.365625 0.63125 0.35625 0.63125
0 0.31796875 0.59609375 0.3375 0.59609375 0.3375 0.603125 0.31796875 0.603125
0 0.4984375 0.65234375 0.51640625 0.65234375 0.51640625 0.6609375 0.4984375 0.6609375
0 0.5140625 0.6359375 0.52109375 0.6359375 0.52109375 0.65 0.5140625 0.65
0 0.46328125 0.63671875 0.47265625 0.63671875 0.47265625 0.64609375 0.46328125 0.64609375
0 0.43046875 0.625 0.43828125 0.625 0.43828125 0.640625 0.43046875 0.640625
0 0.33359375 0.74765625 0.346875 0.74140625 0.34921875 0.74765625 0.3359375 0.75390625
0 0.6046875 0.76171875 0.634375 0.7640625 0.63359375 0.77109375 0.60390625 0.76796875
0 0.728125 0.77265625 0.740625 0.765625 0.74296875 0.7703125 0.73125 0.77734375
0 0.771875 0.8015625 0.81171875 0.8015625 0.81171875 0.80703125 0.771875 0.80703125
0 0.81328125 0.8046875 0.8296875 0.8046875 0.8296875 0.81171875 0.81328125 0.81171875
0 0.67265625 0.86015625 0.70546875 0.86015625 0.70546875 0.8671875 0.67265625 0.8671875
0 0.80390625 0.84453125 0.8203125 0.84453125 0.8203125 0.85078125 0.80390625 0.85078125
0 0.9375 0.8640625 0.96484375 0.8515625 0.9671875 0.85625 0.93984375 0.86875
0 0.965625 0.69765625 0.9765625 0.69765625 0.9765625 0.70859375 0.965625 0.70859375
0 0.9859375 0.7046875 1.0 0.7046875 1.0 0.71171875 0.9859375 0.71171875
0 0.97890625 0.7140625 0.990625 0.7140625 0.990625 0.71953125 0.97890625 0.71953125
0 0.9515625 0.6453125 0.990625 0.65703125 0.98828125 0.6625 0.94921875 0.65078125
0 0.7609375 0.61796875 0.78984375 0.61796875 0.78984375 0.625 0.7609375 0.625
0 0.66328125 0.68515625 0.70234375 0.67265625 0.70546875 0.68125 0.66640625 0.69375
0 0.64296875 0.66484375 0.64921875 0.66484375 0.64921875 0.67890625 0.64296875 0.67890625
0 0.62578125 0.66484375 0.6375 0.66484375 0.6375 0.68359375 0.62578125 0.68359375
0 0.59921875 0.6421875 0.61640625 0.6421875 0.61640625 0.6484375 0.59921875 0.6484375
0 0.56953125 0.65859375 0.584375 0.65859375 0.584375 0.665625 0.56953125 0.665625
0 0.575 0.6046875 0.6046875 0.6140625 0.60234375 0.62109375 0.57265625 0.6109375
0 0.51640625 0.56484375 0.53359375 0.571875 0.53125 0.578125 0.5140625 0.57109375
0 0.540625 0.575 0.5546875 0.575 0.5546875 0.5828125 0.540625 0.5828125
0 0.72578125 0.64375 0.7296875 0.64375 0.7296875 0.65078125 0.72578125 0.65078125
0 0.746875 0.6875 0.75859375 0.6875 0.75859375 0.6953125 0.746875 0.6953125
0 0.76796875 0.68203125 0.77734375 0.68203125 0.77734375 0.6890625 0.76796875 0.6890625
3 0.078125 0.4421875 0.084375 0.4421875 0.084375 0.446875 0.078125 0.446875
3 0.10625 0.37421875 0.11015625 0.37421875 0.11015625 0.378125 0.10625 0.378125
3 0.3078125 0.6296875 0.3125 0.6296875 0.3125 0.63671875 0.3078125 0.63671875
3 0.28671875 0.70859375 0.28984375 0.70859375 0.28984375 0.71484375 0.28671875 0.71484375
3 0.25390625 0.803125 0.2578125 0.803125 0.2578125 0.80625 0.25390625 0.80625
3 0.23828125 0.81171875 0.2453125 0.81171875 0.2453125 0.8171875 0.23828125 0.8171875
3 0.19140625 0.80078125 0.20234375 0.80078125 0.20234375 0.809375 0.19140625 0.809375
3 0.35078125 0.81953125 0.3546875 0.81953125 0.3546875 0.8234375 0.35078125 0.8234375
3 0.36953125 0.81015625 0.37421875 0.81015625 0.37421875 0.81328125 0.36953125 0.81328125
3 0.3953125 0.8 0.3984375 0.8 0.3984375 0.80546875 0.3953125 0.80546875
3 0.371875 0.84453125 0.378125 0.84453125 0.378125 0.84765625 0.371875 0.84765625
3 0.55078125 0.70078125 0.55859375 0.70078125 0.55859375 0.70859375 0.55078125 0.70859375
3 0.39140625 0.71796875 0.396875 0.71796875 0.396875 0.721875 0.39140625 0.721875
3 0.44375 0.63203125 0.44765625 0.63203125 0.44765625 0.6359375 0.44375 0.6359375
3 0.440625 0.6359375 0.44453125 0.6359375 0.44453125 0.640625 0.440625 0.640625
3 0.428125 0.64375 0.434375 0.64375 0.434375 0.64765625 0.428125 0.64765625
3 0.6671875 0.75 0.671875 0.75 0.671875 0.75390625 0.6671875 0.75390625
3 0.6875 0.72578125 0.6921875 0.72578125 0.6921875 0.7296875 0.6875 0.7296875
3 0.73515625 0.7109375 0.740625 0.7109375 0.740625 0.715625 0.73515625 0.715625
3 0.71484375 0.6828125 0.71953125 0.6828125 0.71953125 0.6875 0.71484375 0.6875
3 0.84453125 0.534375 0.853125 0.534375 0.853125 0.5421875 0.84453125 0.5421875
3 0.8625 0.84296875 0.86953125 0.84296875 0.86953125 0.84765625 0.8625 0.84765625
3 0.92421875 0.80390625 0.93359375 0.80390625 0.93359375 0.81171875 0.92421875 0.81171875
3 0.990625 0.76953125 0.99375 0.76953125 0.99375 0.77265625 0.990625 0.77265625
3 0.671875 0.7984375 0.67578125 0.7984375 0.67578125 0.8015625 0.671875 0.8015625
3 0.796875 0.80703125 0.809375 0.80703125 0.809375 0.81796875 0.796875 0.81796875
0 0.01484375 0.59296875 0.01875 0.59140625 0.021875 0.60390625 0.01796875 0.6046875
3 0.1484375 0.63984375 0.15625 0.63984375 0.15625 0.64453125 0.1484375 0.64453125
3 0.1296875 0.628125 0.1421875 0.628125 0.1421875 0.63671875 0.1296875 0.63671875
0 0.80078125 0.678125 0.81484375 0.678125 0.81484375 0.6890625 0.80078125 0.6890625
0 0.0453125 0.84453125 0.07734375 0.81796875 0.08203125 0.8234375 0.05 0.85078125
