2 0.36875 0.95 0.37265625 0.9546875 0.36015625 0.96484375 0.35625 0.96015625
2 0.709375 0.23046875 0.7296875 0.21875 0.73515625 0.228125 0.7140625 0.23984375
2 0.39765625 0.2796875 0.41328125 0.2796875 0.41328125 0.28828125 0.39765625 0.28828125
2 0.009375 0.97578125 0.0171875 0.9796875 0.0125 0.9890625 0.0046875 0.98515625
2 0.97578125 0.91015625 0.9828125 0.9171875 0.965625 0.93515625 0.95859375 0.928125
2 0.5171875 0.775 0.528125 0.775 0.528125 0.7859375 0.5171875 0.7859375
2 0.321875 0.97890625 0.34296875 0.96875 0.34609375 0.975 0.32578125 0.98515625
2 0.39453125 0.87109375 0.403125 0.87734375 0.39921875 0.8828125 0.390625 0.8765625
2 0.32578125 0.7796875 0.33359375 0.7796875 0.33359375 0.78828125 0.32578125 0.78828125
2 0.33203125 0.79453125 0.33515625 0.79765625 0.33125 0.80390625 0.32734375 0.8015625
2 0.9671875 0.8046875 0.97578125 0.80546875 0.9734375 0.8234375 0.96484375 0.82265625
2 0.15859375 0.93125 0.16875 0.93125 0.16875 0.94453125 0.15859375 0.94453125
2 0.1203125 0.4796875 0.13046875 0.4796875 0.13046875 0.484375 0.1203125 0.484375
