3 0.71640625 0.3828125 0.74140625 0.3828125 0.74140625 0.40078125 0.71640625 0.40078125
3 0.9765625 0.11171875 0.98203125 0.11171875 0.98203125 0.12265625 0.9765625 0.12265625
3 0.91328125 0.01640625 0.91953125 0.01640625 0.91953125 0.02265625 0.91328125 0.02265625
3 0.4140625 0.02421875 0.41875 0.02421875 0.41875 0.02890625 0.4140625 0.02890625
0 0.00234375 0.9734375 0.0125 0.97734375 0.0109375 0.98203125 0.00078125 0.978125
0 0.15625 0.95859375 0.17421875 0.95859375 0.17421875 0.96328125 0.15625 0.96328125
0 0.1515625 0.88671875 0.1609375 0.88671875 0.1609375 0.90078125 0.1515625 0.90078125
0 0.16875 0.84921875 0.171875 0.85 0.16953125 0.8625 0.16640625 0.86171875
0 0.121875 0.79140625 0.12890625 0.79140625 0.12890625 0.796875 0.121875 0.796875
0 0.13203125 0.79609375 0.13671875 0.79609375 0.13671875 0.80625 0.13203125 0.80625
0 0.24375 0.88515625 0.2640625 0.88515625 0.2640625 0.89296875 0.24375 0.89296875
0 0.30859375 0.9171875 0.3171875 0.9171875 0.3171875 0.92421875 0.30859375 0.92421875
0 0.31953125 0.921875 0.3234375 0.9203125 0.32890625 0.9328125 0.325 0.93515625
0 0.28828125 0.96796875 0.30078125 0.96796875 0.30078125 0.97578125 0.28828125 0.97578125
0 0.25625 0.97421875 0.265625 0.97421875 0.265625 0.9953125 0.25625 0.9953125
0 0.340625 0.83046875 0.36953125 0.8359375 0.36796875 0.84375 0.3390625 0.8390625
0 0.28203125 0.83515625 0.296875 0.83515625 0.296875 0.840625 0.28203125 0.840625
0 0.4296875 0.88359375 0.45234375 0.88359375 0.45234375 0.89296875 0.4296875 0.89296875
0 0.45625 0.89140625 0.46171875 0.89140625 0.46171875 0.9046875 0.45625 0.9046875
0 0.43046875 0.909375 0.43515625 0.90546875 0.44375 0.91953125 0.4390625 0.92265625
0 0.4765625 0.9015625 0.47890625 0.89921875 0.49140625 0.91171875 0.4890625 0.9140625
0 0.540625 0.9109375 0.55390625 0.9109375 0.55390625 0.91640625 0.540625 0.91640625
0 0.4265625 0.990625 0.44609375 0.98671875 0.446875 0.990625 0.428125 0.9953125
0 0.55 0.90234375 0.5625 0.90234375 0.5625 0.9078125 0.55 0.9078125
0 0.63125 0.98671875 0.64453125 0.9796875 0.64765625 0.98515625 0.634375 0.99296875
0 0.6484375 0.86640625 0.659375 0.87265625 0.65703125 0.8765625 0.64609375 0.8703125
0 0.740625 0.91953125 0.7453125 0.91953125 0.7453125 0.93515625 0.740625 0.93515625
0 0.74375 0.909375 0.746875 0.909375 0.746875 0.9171875 0.74375 0.9171875
0 0.74296875 0.86640625 0.75625 0.86640625 0.75625 0.87109375 0.74296875 0.87109375
0 0.76015625 0.88046875 0.77109375 0.87578125 0.77265625 0.8796875 0.76171875 0.88359375
0 0.828125 0.90078125 0.83984375 0.90859375 0.8375 0.91171875 0.82578125 0.9046875
0 0.86171875 0.91640625 0.88359375 0.93359375 0.87890625 0.93984375 0.85703125 0.921875
0 0.88359375 0.93515625 0.88984375 0.93515625 0.88984375 0.93984375 0.88359375 0.93984375
0 0.88515625 0.91796875 0.8984375 0.9265625 0.89609375 0.9296875 0.8828125 0.9203125
0 0.89296875 0.9609375 0.89765625 0.9609375 0.89765625 0.96875 0.89296875 0.96875
0 0.37578125 0.7671875 0.39296875 0.7671875 0.39296875 0.775 0.37578125 0.775
3 0.359375 0.88515625 0.36640625 0.88515625 0.36640625 0.8921875 0.359375 0.8921875
3 0.29453125 0.84609375 0.30078125 0.84609375 0.30078125 0.85 0.29453125 0.85
3 0.5 0.91171875 0.51015625 0.91171875 0.51015625 0.91875 0.5 0.91875
3 0.60546875 0.96796875 0.61015625 0.96796875 0.61015625 0.97265625 0.60546875 0.97265625
3 0.62890625 0.9671875 0.63359375 0.9671875 0.63359375 0.9734375 0.62890625 0.9734375
3 0.72890625 0.92734375 0.73515625 0.92734375 0.73515625 0.9421875 0.72890625 0.9421875
3 0.821875 0.85390625 0.825 0.85390625 0.825 0.859375 0.821875 0.859375
3 0.58359375 0.8734375 0.59765625 0.8734375 0.59765625 0.88359375 0.58359375 0.88359375
3 0.30859375 0.77578125 0.31171875 0.77578125 0.31171875 0.77890625 0.30859375 0.77890625
3 0.334375 0.771875 0.33984375 0.771875 0.33984375 0.77578125 0.334375 0.77578125
3 0.409375 0.77109375 0.41328125 0.77109375 0.41328125 0.775 0.409375 0.775
3 0.29609375 0.75234375 0.29921875 0.75234375 0.29921875 0.75546875 0.29609375 0.75546875
3 0.103125 0.74140625 0.10625 0.74140625 0.10625 0.74609375 0.103125 0.74609375
