2 0.653125 0.5296875 0.6640625 0.5296875 0.6640625 0.5359375 0.653125 0.5359375
2 0.6625 0.02421875 0.67890625 0.02421875 0.67890625 0.04765625 0.6625 0.04765625
2 0.84765625 0.09453125 0.8625 0.09453125 0.8625 0.11171875 0.84765625 0.11171875
2 0.4609375 0.21875 0.484375 0.21875 0.484375 0.23515625 0.4609375 0.23515625
2 0.51484375 0.33984375 0.521875 0.34609375 0.509375 0.36015625 0.50234375 0.353125
2 0.771875 0.24140625 0.7796875 0.2453125 0.77109375 0.26015625 0.7640625 0.25625
2 0.6890625 0.50234375 0.6953125 0.50234375 0.6953125 0.51015625 0.6890625 0.51015625
2 0.43125 0.02578125 0.4421875 0.02578125 0.4421875 0.05625 0.43125 0.05625
2 0.396875 0.0296875 0.403125 0.0328125 0.3953125 0.04921875 0.3890625 0.04609375
2 0.196875 0.40234375 0.22734375 0.40234375 0.22734375 0.41875 0.196875 0.41875
2 0.2921875 0.2828125 0.31796875 0.29140625 0.3140625 0.30234375 0.2890625 0.29453125
