2 0.19453125 0.5515625 0.20703125 0.5515625 0.20703125 0.5671875 0.19453125 0.5671875
2 0.11328125 0.40625 0.12890625 0.40078125 0.13125 0.40859375 0.11640625 0.4140625
2 0.05390625 0.39375 0.0578125 0.3984375 0.0453125 0.409375 0.040625 0.40390625
2 0.98203125 0.39375 0.98984375 0.39375 0.98984375 0.41328125 0.98203125 0.41328125
2 0.95703125 0.2578125 0.9734375 0.25234375 0.97578125 0.25859375 0.959375 0.2640625
2 0.6359375 0.41171875 0.6546875 0.41171875 0.6546875 0.4203125 0.6359375 0.4203125
2 0.3046875 0.17265625 0.3109375 0.1765625 0.30390625 0.18671875 0.2984375 0.18359375
2 0.21875 0.09140625 0.234375 0.09140625 0.234375 0.09765625 0.21875 0.09765625
2 0.02734375 0.0609375 0.04140625 0.0609375 0.04140625 0.07421875 0.02734375 0.07421875
2 0.32890625 0.93046875 0.3421875 0.93046875 0.3421875 0.94296875 0.32890625 0.94296875
2 0.9140625 0.69453125 0.9296875 0.69453125 0.9296875 0.70625 0.9140625 0.70625
