0 0.16171875 0.9625 0.1703125 0.9625 0.1703125 0.9765625 0.16171875 0.9765625
0 0.15234375 0.9546875 0.159375 0.9546875 0.159375 0.96875 0.15234375 0.96875
0 0.6140625 0.59609375 0.63984375 0.6078125 0.63671875 0.61484375 0.6109375 0.60390625
0 0.5828125 0.5921875 0.58828125 0.59765625 0.5765625 0.60859375 0.57109375 0.603125
0 0.61796875 0.565625 0.6265625 0.57109375 0.6171875 0.584375 0.60859375 0.578125
0 0.6453125 0.5984375 0.65390625 0.5984375 0.65390625 0.6046875 0.6453125 0.6046875
0 0.65625 0.59140625 0.6671875 0.59140625 0.6671875 0.60390625 0.65625 0.60390625
0 0.67109375 0.56875 0.67890625 0.56875 0.67890625 0.5765625 0.67109375 0.5765625
0 0.6484375 0.609375 0.65703125 0.609375 0.65703125 0.6171875 0.6484375 0.6171875
0 0.6515625 0.5765625 0.65859375 0.5765625 0.65859375 0.58125 0.6515625 0.58125
0 0.684375 0.59921875 0.6890625 0.59921875 0.6890625 0.6078125 0.684375 0.6078125
0 0.7328125 0.621875 0.740625 0.621875 0.740625 0.64375 0.7328125 0.64375
0 0.57109375 0.4046875 0.578125 0.4078125 0.56328125 0.43984375 0.55625 0.43671875
0 0.5765625 0.39921875 0.59296875 0.39921875 0.59296875 0.40703125 0.5765625 0.40703125
0 0.60703125 0.39453125 0.61953125 0.39453125 0.61953125 0.40546875 0.60703125 0.40546875
0 0.621875 0.40625 0.6296875 0.40625 0.6296875 0.42890625 0.621875 0.42890625
0 0.03671875 0.06484375 0.04921875 0.07578125 0.0421875 0.0828125 0.03046875 0.071875
0 0.0515625 0.06796875 0.05859375 0.06484375 0.06796875 0.0828125 0.0609375 0.0859375
0 0.071875 0.07265625 0.090625 0.084375 0.08515625 0.09296875 0.06640625 0.08125
0 0.0734375 0.09296875 0.0828125 0.09296875 0.0828125 0.09921875 0.0734375 0.09921875
0 0.05546875 0.0953125 0.0625 0.0953125 0.0625 0.1015625 0.05546875 0.1015625
0 0.06484375 0.09765625 0.06953125 0.1015625 0.059375 0.1125 0.0546875 0.1078125
0 0.0671875 0.1078125 0.07265625 0.1078125 0.07265625 0.11796875 0.0671875 0.11796875
0 0.17421875 0.1265625 0.17734375 0.1296875 0.1609375 0.14296875 0.1578125 0.1390625
0 0.18828125 0.1546875 0.23203125 0.1625 0.23046875 0.16875 0.18671875 0.1609375
0 0.271875 0.15078125 0.284375 0.14296875 0.28671875 0.146875 0.27421875 0.1546875
0 0.315625 0.140625 0.32265625 0.140625 0.32265625 0.14609375 0.315625 0.14609375
0 0.25234375 0.1171875 0.2640625 0.1171875 0.2640625 0.12109375 0.25234375 0.12109375
0 0.3796875 0.15390625 0.3875 0.1515625 0.39375 0.17109375 0.3859375 0.17421875
0 0.3875 0.18984375 0.3921875 0.19140625 0.3859375 0.2046875 0.38203125 0.203125
0 0.39140625 0.10859375 0.39765625 0.11171875 0.38515625 0.14140625 0.378125 0.13828125
0 0.38359375 0.09765625 0.39140625 0.09296875 0.39296875 0.09609375 0.3859375 0.10078125
0 0.4 0.06484375 0.40390625 0.06640625 0.3984375 0.07890625 0.39453125 0.0765625
0 0.11328125 0.08828125 0.128125 0.08828125 0.128125 0.096875 0.11328125 0.096875
0 0.12734375 0.1171875 0.14140625 0.11328125 0.14375 0.12109375 0.1296875 0.125
0 0.09140625 0.11953125 0.10234375 0.11953125 0.10234375 0.125 0.09140625 0.125
0 0.103125 0.09765625 0.11328125 0.1078125 0.1109375 0.11015625 0.10078125 0.1
3 0.07734375 0.96484375 0.0875 0.96484375 0.0875 0.9796875 0.07734375 0.9796875
3 0.03203125 0.38984375 0.03984375 0.38984375 0.03984375 0.3984375 0.03203125 0.3984375
3 0.134375 0.37109375 0.140625 0.37109375 0.140625 0.37578125 0.134375 0.37578125
3 0.7859375 0.1515625 0.7921875 0.1515625 0.7921875 0.15703125 0.7859375 0.15703125
3 0.7921875 0.15234375 0.79921875 0.15234375 0.79921875 0.1578125 0.7921875 0.1578125
3 0.80078125 0.14453125 0.8046875 0.14453125 0.8046875 0.153125 0.80078125 0.153125
0 0.053125 0.43359375 0.0625 0.43046875 0.0734375 0.46484375 0.06484375 0.46796875
0 0.03828125 0.47890625 0.04609375 0.47890625 0.04609375 0.5015625 0.03828125 0.5015625
0 0.040625 0.41875 0.05390625 0.41875 0.05390625 0.43515625 0.040625 0.43515625
0 0.0 0.3890625 0.00859375 0.3890625 0.00859375 0.39765625 0.0 0.39765625
0 0.2234375 0.5328125 0.240625 0.5328125 0.240625 0.54921875 0.2234375 0.54921875
0 0.296875 0.5203125 0.30390625 0.5234375 0.29296875 0.55 0.28515625 0.546875
0 0.221875 0.60625 0.22578125 0.61015625 0.21640625 0.62109375 0.2125 0.6171875
0 0.25078125 0.62109375 0.259375 0.6296875 0.2546875 0.634375 0.24609375 0.62578125
0 0.1953125 0.790625 0.2 0.7921875 0.1953125 0.81328125 0.18984375 0.8125
0 0.1234375 0.79453125 0.1296875 0.79453125 0.1296875 0.8140625 0.1234375 0.8140625
0 0.17109375 0.76953125 0.18203125 0.76640625 0.1828125 0.771875 0.17265625 0.77421875
0 0.0 0.7828125 0.0046875 0.7828125 0.0046875 0.79453125 0.0 0.79453125
0 0.20546875 0.96953125 0.21015625 0.96796875 0.21484375 0.9796875 0.21015625 0.98125
0 0.2015625 0.975 0.20625 0.97421875 0.2125 0.9984375 0.20859375 1.0
0 0.2109375 0.9875 0.21640625 0.9875 0.21640625 0.99921875 0.2109375 0.99921875
