2 0.775 0.17578125 0.78984375 0.18125 0.78828125 0.1859375 0.7734375 0.18125
2 0.51953125 0.43515625 0.54140625 0.43984375 0.53984375 0.446875 0.51796875 0.4421875
2 0.3515625 0.63984375 0.37265625 0.63984375 0.37265625 0.65078125 0.3515625 0.65078125
2 0.3609375 0.7171875 0.36953125 0.7171875 0.36953125 0.734375 0.3609375 0.734375
2 0.28828125 0.6765625 0.29609375 0.6765625 0.29609375 0.68671875 0.28828125 0.68671875
2 0.1109375 0.70703125 0.1359375 0.7140625 0.1328125 0.725 0.1078125 0.71796875
2 0.59453125 0.65625 0.6125 0.6453125 0.615625 0.65078125 0.59765625 0.66171875
2 0.52578125 0.86328125 0.54375 0.86328125 0.54375 0.87109375 0.52578125 0.87109375
2 0.79921875 0.4578125 0.81796875 0.4578125 0.81796875 0.4640625 0.79921875 0.4640625
2 0.85234375 0.68125 0.85859375 0.68125 0.85859375 0.69453125 0.85234375 0.69453125
