0 0.415625 0.62265625 0.42109375 0.62734375 0.4015625 0.653125 0.39609375 0.64921875
0 0.17109375 0.121875 0.1765625 0.1265625 0.15859375 0.14921875 0.153125 0.1453125
0 0.69296875 0.484375 0.7125 0.484375 0.7125 0.48828125 0.69296875 0.48828125
0 0.33515625 0.771875 0.35078125 0.771875 0.35078125 0.79140625 0.33515625 0.79140625
3 0.4796875 0.58984375 0.48203125 0.59140625 0.4796875 0.5953125 0.47734375 0.59375
0 0.35625 0.80078125 0.37421875 0.80546875 0.371875 0.8140625 0.35390625 0.80859375
0 0.22265625 0.83125 0.234375 0.83125 0.234375 0.83828125 0.22265625 0.83828125
0 0.46875 0.19765625 0.48203125 0.19765625 0.48203125 0.203125 0.46875 0.203125
0 0.253125 0.80390625 0.27109375 0.790625 0.27421875 0.7953125 0.25625 0.80859375
0 0.115625 0.24296875 0.12109375 0.24765625 0.10234375 0.26953125 0.096875 0.26484375
0 0.0984375 0.77578125 0.115625 0.759375 0.12109375 0.765625 0.10390625 0.78125
3 0.375 0.0765625 0.38125 0.0765625 0.38125 0.08515625 0.375 0.08515625
3 0.3125 0.49140625 0.31484375 0.49140625 0.31484375 0.49453125 0.3125 0.49453125
3 0.2890625 0.50234375 0.2921875 0.50234375 0.2921875 0.50546875 0.2890625 0.50546875
3 0.2640625 0.51171875 0.26875 0.51171875 0.26875 0.515625 0.2640625 0.515625
3 0.71640625 0.15234375 0.71953125 0.15234375 0.71953125 0.15625 0.71640625 0.15625
3 0.60390625 0.47890625 0.6078125 0.47890625 0.6078125 0.48203125 0.60390625 0.48203125
3 0.54765625 0.5109375 0.55078125 0.5109375 0.55078125 0.5140625 0.54765625 0.5140625
3 0.86328125 0.48984375 0.86875 0.48984375 0.86875 0.4953125 0.86328125 0.4953125
0 0.75078125 0.34375 0.76640625 0.33125 0.76875 0.334375 0.753125 0.346875
0 0.559375 0.48203125 0.565625 0.484375 0.55625 0.5078125 0.55 0.5046875
3 0.52265625 0.57734375 0.52890625 0.57734375 0.52890625 0.58046875 0.52265625 0.58046875
3 0.49375 0.61875 0.496875 0.61875 0.496875 0.62265625 0.49375 0.62265625
3 0.55 0.6890625 0.5546875 0.6890625 0.5546875 0.69296875 0.55 0.69296875
3 0.5984375 0.68515625 0.6046875 0.68046875 0.60703125 0.68359375 0.60078125 0.6875
3 0.54609375 0.665625 0.55 0.665625 0.55 0.66953125 0.54609375 0.66953125
3 0.60390625 0.62265625 0.60859375 0.62265625 0.60859375 0.62734375 0.60390625 0.62734375
0 0.41328125 0.684375 0.4328125 0.67890625 0.434375 0.684375 0.4140625 0.68984375
3 0.40625 0.67890625 0.4125 0.6765625 0.4140625 0.68046875 0.4078125 0.6828125
0 0.61640625 0.30390625 0.63515625 0.2921875 0.6375 0.29609375 0.61875 0.3078125
0 0.52734375 0.55390625 0.53203125 0.559375 0.5078125 0.57890625 0.503125 0.5734375
0 0.53984375 0.5078125 0.54453125 0.51015625 0.5328125 0.52890625 0.528125 0.5265625
