1 0.08671875 0.25390625 0.10625 0.25390625 0.10625 0.2671875 0.08671875 0.2671875
1 0.96640625 0.5296875 0.9828125 0.5234375 0.98515625 0.53046875 0.96875 0.53671875
1 0.940625 0.5625 0.95859375 0.55859375 0.96015625 0.5640625 0.9421875 0.56796875
1 0.93984375 0.5203125 0.95078125 0.509375 0.9546875 0.5140625 0.94375 0.525
1 0.87578125 0.5328125 0.90234375 0.5328125 0.90234375 0.5390625 0.87578125 0.5390625
1 0.87421875 0.5140625 0.8828125 0.5140625 0.8828125 0.52421875 0.87421875 0.52421875
1 0.946875 0.6171875 0.95859375 0.6125 0.9609375 0.61796875 0.94921875 0.62265625
1 0.909375 0.58515625 0.92890625 0.58515625 0.92890625 0.59609375 0.909375 0.59609375
1 0.7453125 0.6 0.76640625 0.6 0.76640625 0.6125 0.7453125 0.6125
1 0.75 0.62578125 0.76484375 0.62578125 0.76484375 0.63828125 0.75 0.63828125
1 0.659375 0.625 0.66875 0.625 0.66875 0.63359375 0.659375 0.63359375
1 0.66875 0.609375 0.69375 0.62109375 0.690625 0.628125 0.665625 0.6171875
1 0.66484375 0.559375 0.67734375 0.5625 0.675 0.571875 0.66171875 0.56796875
1 0.678125 0.5640625 0.690625 0.5640625 0.690625 0.5734375 0.678125 0.5734375
1 0.63359375 0.5765625 0.6453125 0.5765625 0.6453125 0.584375 0.63359375 0.584375
1 0.57734375 0.56640625 0.59609375 0.56640625 0.59609375 0.57890625 0.57734375 0.57890625
1 0.48515625 0.60078125 0.4984375 0.60078125 0.4984375 0.615625 0.48515625 0.615625
1 0.43359375 0.63828125 0.45546875 0.65 0.4515625 0.65703125 0.43046875 0.6453125
1 0.47890625 0.57578125 0.48671875 0.57578125 0.48671875 0.5828125 0.47890625 0.5828125
1 0.471875 0.56484375 0.47734375 0.56484375 0.47734375 0.57890625 0.471875 0.57890625
1 0.48046875 0.56953125 0.4890625 0.56953125 0.4890625 0.57578125 0.48046875 0.57578125
1 0.39140625 0.56953125 0.40625 0.5765625 0.40234375 0.584375 0.3875 0.5765625
1 0.38046875 0.578125 0.4 0.58984375 0.39296875 0.6015625 0.3734375 0.58984375
1 0.35234375 0.56953125 0.36796875 0.58046875 0.36171875 0.58984375 0.34609375 0.57890625
1 0.33359375 0.51796875 0.3515625 0.51796875 0.3515625 0.53359375 0.33359375 0.53359375
1 0.309375 0.53359375 0.3203125 0.53359375 0.3203125 0.546875 0.309375 0.546875
1 0.27265625 0.54375 0.284375 0.54375 0.284375 0.55703125 0.27265625 0.55703125
1 0.2453125 0.53828125 0.2625 0.53828125 0.2625 0.55703125 0.2453125 0.55703125
1 0.31171875 0.56640625 0.3234375 0.56640625 0.3234375 0.578125 0.31171875 0.578125
1 0.1265625 0.4328125 0.140625 0.4328125 0.140625 0.44921875 0.1265625 0.44921875
1 0.14296875 0.4484375 0.15390625 0.4484375 0.15390625 0.4625 0.14296875 0.4625
1 0.22578125 0.446875 0.2390625 0.446875 0.2390625 0.45859375 0.22578125 0.45859375
1 0.17265625 0.3640625 0.18984375 0.3640625 0.18984375 0.38984375 0.17265625 0.38984375
1 0.06484375 0.37421875 0.090625 0.365625 0.09375 0.37578125 0.06796875 0.384375
1 0.04765625 0.37265625 0.065625 0.37265625 0.065625 0.3828125 0.04765625 0.3828125
1 0.05234375 0.39140625 0.07265625 0.39140625 0.07265625 0.4015625 0.05234375 0.4015625
1 0.046875 0.35234375 0.06953125 0.35234375 0.06953125 0.35859375 0.046875 0.35859375
1 0.0 0.396875 0.01328125 0.396875 0.01328125 0.409375 0.0 0.409375
1 0.16015625 0.29765625 0.171875 0.31171875 0.16328125 0.31875 0.15234375 0.3046875
1 0.08984375 0.2328125 0.1015625 0.2328125 0.1015625 0.2421875 0.08984375 0.2421875
1 0.3 0.353125 0.31796875 0.36875 0.3125 0.37421875 0.2953125 0.35859375
1 0.3 0.34296875 0.31015625 0.34296875 0.31015625 0.35 0.3 0.35
1 0.3578125 0.39609375 0.371875 0.39609375 0.371875 0.4078125 0.3578125 0.4078125
1 0.34921875 0.47578125 0.3609375 0.47578125 0.3609375 0.48671875 0.34921875 0.48671875
1 0.42734375 0.4453125 0.43984375 0.45546875 0.43203125 0.465625 0.41953125 0.45546875
1 0.48046875 0.475 0.49921875 0.475 0.49921875 0.48671875 0.48046875 0.48671875
1 0.4640625 0.49140625 0.4703125 0.49140625 0.4703125 0.5 0.4640625 0.5
1 0.52109375 0.44765625 0.53828125 0.44765625 0.53828125 0.459375 0.52109375 0.459375
1 0.68515625 0.47421875 0.70390625 0.47421875 0.70390625 0.4859375 0.68515625 0.4859375
1 0.72734375 0.47734375 0.74453125 0.46875 0.74921875 0.478125 0.73203125 0.4875
1 0.9328125 0.44921875 0.93828125 0.4453125 0.9453125 0.4546875 0.93984375 0.45859375
1 0.8578125 0.40859375 0.875 0.40859375 0.875 0.41484375 0.8578125 0.41484375
1 0.73515625 0.525 0.74609375 0.525 0.74609375 0.53671875 0.73515625 0.53671875
3 0.6 0.73515625 0.609375 0.73515625 0.609375 0.7453125 0.6 0.7453125
3 0.984375 0.21171875 0.99453125 0.21171875 0.99453125 0.23359375 0.984375 0.23359375
3 0.63515625 0.528125 0.63984375 0.528125 0.63984375 0.53359375 0.63515625 0.53359375
3 0.0 0.465625 0.0046875 0.465625 0.0046875 0.475 0.0 0.475
