1 0.1359375 0.0375 0.140625 0.0421875 0.13515625 0.046875 0.13125 0.0421875
1 0.25234375 0.3875 0.25859375 0.384375 0.2671875 0.4 0.2609375 0.40390625
1 0.15 0.56484375 0.15703125 0.5578125 0.16953125 0.56953125 0.1625 0.5765625
1 0.26953125 0.821875 0.27890625 0.81171875 0.30234375 0.8328125 0.2921875 0.84375
1 0.65390625 0.94921875 0.66015625 0.94453125 0.67265625 0.96015625 0.665625 0.96484375
1 0.08046875 0.3375 0.0875 0.33125 0.10078125 0.3453125 0.09375 0.3515625
1 0.09296875 0.33125 0.09921875 0.32421875 0.115625 0.3390625 0.109375 0.34609375
1 0.71875 0.6484375 0.7375 0.65703125 0.73203125 0.66875 0.71328125 0.66015625
1 0.6375 0.15625 0.65234375 0.16875 0.628125 0.196875 0.6140625 0.184375
1 0.72890625 0.1703125 0.77578125 0.1703125 0.77578125 0.18125 0.72890625 0.18125
1 0.05703125 0.309375 0.06484375 0.2984375 0.09453125 0.31953125 0.08671875 0.33046875
3 0.2953125 0.303125 0.3046875 0.303125 0.3046875 0.309375 0.2953125 0.309375
