3 0.47578125 0.2984375 0.48671875 0.2984375 0.48671875 0.3109375 0.47578125 0.3109375
1 0.9453125 0.5984375 0.96015625 0.5921875 0.96328125 0.59921875 0.9484375 0.60546875
1 0.78515625 0.90390625 0.79140625 0.90859375 0.7828125 0.921875 0.7765625 0.9171875
1 0.5859375 0.95234375 0.59375 0.9453125 0.6078125 0.96171875 0.6 0.96875
1 0.61796875 0.78671875 0.628125 0.796875 0.60859375 0.8140625 0.59921875 0.80390625
3 0.74375 0.95546875 0.7484375 0.95546875 0.7484375 0.959375 0.74375 0.959375
3 0.59765625 0.6890625 0.60234375 0.6890625 0.60234375 0.69453125 0.59765625 0.69453125
3 0.48203125 0.6375 0.48671875 0.6375 0.48671875 0.64296875 0.48203125 0.64296875
3 0.40234375 0.61875 0.4078125 0.61875 0.4078125 0.6234375 0.40234375 0.6234375
1 0.1109375 0.66796875 0.11875 0.6625 0.12890625 0.6765625 0.12109375 0.68203125
1 0.284375 0.6609375 0.3078125 0.6609375 0.3078125 0.671875 0.284375 0.671875
3 0.5109375 0.09140625 0.5171875 0.09140625 0.5171875 0.0984375 0.5109375 0.0984375
3 0.659375 0.040625 0.665625 0.040625 0.665625 0.04765625 0.659375 0.04765625
3 0.14609375 0.10234375 0.1515625 0.10234375 0.1515625 0.1078125 0.14609375 0.1078125
1 0.21796875 0.809375 0.24140625 0.809375 0.24140625 0.825 0.21796875 0.825
3 0.696875 0.83203125 0.70234375 0.83203125 0.70234375 0.83984375 0.696875 0.83984375
