2 0.2078125 0.83359375 0.21484375 0.828125 0.22421875 0.840625 0.2171875 0.84609375
3 0.8546875 0.57890625 0.86328125 0.57890625 0.86328125 0.5875 0.8546875 0.5875
3 0.80078125 0.77578125 0.80703125 0.77578125 0.80703125 0.7828125 0.80078125 0.7828125
2 0.89296875 0.4046875 0.903125 0.4046875 0.903125 0.41953125 0.89296875 0.41953125
2 0.94296875 0.36328125 0.9515625 0.36171875 0.9546875 0.37890625 0.94609375 0.38046875
2 0.86328125 0.0109375 0.87890625 0.00390625 0.88125 0.009375 0.865625 0.0171875
2 0.4546875 0.11328125 0.4625 0.11328125 0.4625 0.12109375 0.4546875 0.12109375
2 0.453125 0.1390625 0.4578125 0.1359375 0.4625 0.1421875 0.4578125 0.1453125
2 0.19296875 0.165625 0.20234375 0.165625 0.20234375 0.18203125 0.19296875 0.18203125
2 0.203125 0.1421875 0.21875 0.13984375 0.21953125 0.14609375 0.20390625 0.1484375
2 0.140625 0.4296875 0.1515625 0.4296875 0.1515625 0.44453125 0.140625 0.44453125
2 0.521875 0.45078125 0.525 0.45078125 0.52578125 0.45390625 0.521875 0.4546875
