1 0.26953125 0.0015625 0.27734375 0.0015625 0.27734375 0.04296875 0.26953125 0.04296875
1 0.32109375 0.42890625 0.3640625 0.39609375 0.37109375 0.40546875 0.328125 0.43828125
1 0.6828125 0.68125 0.709375 0.68125 0.709375 0.696875 0.6828125 0.696875
1 0.73203125 0.66796875 0.759375 0.66796875 0.759375 0.6765625 0.73203125 0.6765625
1 0.53515625 0.6765625 0.55859375 0.6671875 0.56171875 0.67734375 0.53828125 0.6859375
1 0.5125 0.73359375 0.53046875 0.73359375 0.53046875 0.7453125 0.5125 0.7453125
1 0.5046875 0.89921875 0.5140625 0.90625 0.4921875 0.9390625 0.48203125 0.93203125
1 0.48203125 0.9046875 0.4921875 0.91015625 0.48046875 0.934375 0.4703125 0.92890625
1 0.5359375 0.86875 0.5453125 0.878125 0.52109375 0.90234375 0.51171875 0.89296875
1 0.4703125 0.88203125 0.4875 0.88203125 0.4875 0.90234375 0.4703125 0.90234375
1 0.4796875 0.83203125 0.48984375 0.83671875 0.48203125 0.85390625 0.471875 0.84921875
1 0.54296875 0.75703125 0.56015625 0.75703125 0.56015625 0.76484375 0.54296875 0.76484375
1 0.52109375 0.78671875 0.5296875 0.78671875 0.5296875 0.79765625 0.52109375 0.79765625
1 0.31015625 0.8359375 0.325 0.82890625 0.32890625 0.8375 0.3140625 0.84453125
1 0.25078125 0.73359375 0.25859375 0.73671875 0.25390625 0.7515625 0.24609375 0.74921875
1 0.47578125 0.0046875 0.4859375 0.0046875 0.4859375 0.034375 0.47578125 0.034375
1 0.4703125 0.04296875 0.4796875 0.04296875 0.4796875 0.05859375 0.4703125 0.05859375
1 0.409375 0.0734375 0.421875 0.0734375 0.421875 0.10703125 0.409375 0.10703125
1 0.34296875 0.12265625 0.39140625 0.12265625 0.39140625 0.13203125 0.34296875 0.13203125
1 0.3015625 0.10234375 0.3140625 0.10234375 0.3140625 0.1203125 0.3015625 0.1203125
3 0.3 0.8734375 0.30625 0.8734375 0.30625 0.87890625 0.3 0.87890625
3 0.6796875 0.12421875 0.68515625 0.12421875 0.68515625 0.13125 0.6796875 0.13125
1 0.20234375 0.1140625 0.2421875 0.1140625 0.2421875 0.13359375 0.20234375 0.13359375
1 0.0515625 0.07421875 0.0640625 0.07421875 0.0640625 0.09453125 0.0515625 0.09453125
1 0.4375 0.7015625 0.45 0.7015625 0.45 0.71328125 0.4375 0.71328125
1 0.9421875 0.67421875 0.95 0.6625 0.97421875 0.67890625 0.96640625 0.690625
1 0.9328125 0.6890625 0.9453125 0.6796875 0.971875 0.71484375 0.959375 0.72421875
1 0.56015625 0.7234375 0.571875 0.7234375 0.571875 0.75234375 0.56015625 0.75234375
1 0.5609375 0.7578125 0.57265625 0.7546875 0.57421875 0.76015625 0.5625 0.76328125
1 0.61328125 0.74765625 0.61953125 0.74921875 0.61484375 0.76796875 0.60859375 0.76640625
1 0.53984375 0.76796875 0.53046875 0.77890625 0.52421875 0.77421875 0.53359375 0.7625
1 0.41953125 0.715625 0.43359375 0.70390625 0.4390625 0.71015625 0.425 0.721875
1 0.38515625 0.6953125 0.41796875 0.6953125 0.41796875 0.703125 0.38515625 0.703125
1 0.96796875 0.91875 0.97265625 0.90859375 0.99609375 0.91796875 0.99140625 0.928125
1 0.93359375 0.959375 0.93671875 0.95390625 0.95546875 0.965625 0.95234375 0.97109375
1 0.853125 0.9296875 0.85546875 0.9234375 0.8796875 0.9328125 0.878125 0.93828125
1 0.50390625 0.74453125 0.51015625 0.74921875 0.50078125 0.76328125 0.49453125 0.759375
1 0.50234375 0.76796875 0.52265625 0.7484375 0.53359375 0.75859375 0.51328125 0.778125
1 0.5578125 0.74921875 0.5390625 0.759375 0.53515625 0.7515625 0.55390625 0.74140625
1 0.55625 0.81640625 0.584375 0.80859375 0.58671875 0.81953125 0.559375 0.82734375
1 0.4875 0.8109375 0.51640625 0.7921875 0.525 0.80546875 0.49609375 0.82421875
