3 0.6171875 0.725 0.62109375 0.725 0.62109375 0.72890625 0.6171875 0.72890625
3 0.62265625 0.73046875 0.62578125 0.73046875 0.62578125 0.7328125 0.62265625 0.7328125
3 0.69375 0.71171875 0.6984375 0.71171875 0.6984375 0.7171875 0.69375 0.7171875
3 0.69921875 0.70859375 0.70234375 0.70859375 0.70234375 0.7140625 0.69921875 0.7140625
3 0.23828125 0.38984375 0.24375 0.38984375 0.24375 0.39296875 0.23828125 0.39296875
3 0.228125 0.6609375 0.23515625 0.6609375 0.23515625 0.6671875 0.228125 0.6671875
3 0.525 0.72890625 0.55234375 0.7421875 0.5484375 0.74921875 0.52109375 0.7359375
3 0.540625 0.72734375 0.54453125 0.72734375 0.54453125 0.73046875 0.540625 0.73046875
3 0.515625 0.71015625 0.5203125 0.71015625 0.5203125 0.71484375 0.515625 0.71484375
3 0.5546875 0.7171875 0.55859375 0.7171875 0.55859375 0.72265625 0.5546875 0.72265625
3 0.56015625 0.70546875 0.56484375 0.70546875 0.56484375 0.709375 0.56015625 0.709375
3 0.5703125 0.6984375 0.57734375 0.69296875 0.5796875 0.6953125 0.57265625 0.7015625
3 0.6484375 0.68203125 0.653125 0.68203125 0.653125 0.68671875 0.6484375 0.68671875
3 0.65859375 0.7234375 0.6625 0.7234375 0.6625 0.73125 0.65859375 0.73125
