1 0.01875 0.225 0.0375 0.225 0.0375 0.2359375 0.01875 0.2359375
1 0.0375 0.28515625 0.0546875 0.28515625 0.0546875 0.29609375 0.0375 0.29609375
1 0.096875 0.31796875 0.10859375 0.31796875 0.10859375 0.32890625 0.096875 0.32890625
1 0.065625 0.365625 0.0859375 0.365625 0.0859375 0.3765625 0.065625 0.3765625
1 0.09375 0.36640625 0.1265625 0.36640625 0.1265625 0.38125 0.09375 0.38125
1 0.1609375 0.36015625 0.1734375 0.36015625 0.1734375 0.37890625 0.1609375 0.37890625
1 0.15234375 0.4015625 0.1640625 0.4015625 0.1640625 0.41015625 0.15234375 0.41015625
1 0.17890625 0.4046875 0.1890625 0.4046875 0.1890625 0.4171875 0.17890625 0.4171875
1 0.26015625 0.29453125 0.2828125 0.3015625 0.28125 0.30625 0.25859375 0.29921875
1 0.246875 0.22578125 0.2609375 0.22578125 0.2609375 0.23359375 0.246875 0.23359375
1 0.3734375 0.24921875 0.39140625 0.24921875 0.39140625 0.2625 0.3734375 0.2625
1 0.43828125 0.2453125 0.4484375 0.2453125 0.4484375 0.2546875 0.43828125 0.2546875
1 0.4265625 0.32421875 0.43125 0.3390625 0.4234375 0.34140625 0.41796875 0.3265625
1 0.3296875 0.378125 0.34296875 0.378125 0.34296875 0.39140625 0.3296875 0.39140625
1 0.41015625 0.396875 0.43515625 0.3875 0.4390625 0.39921875 0.4140625 0.40859375
1 0.4109375 0.41015625 0.41953125 0.41484375 0.409375 0.43359375 0.40078125 0.428125
1 0.4734375 0.4140625 0.49765625 0.42890625 0.4921875 0.4375 0.46796875 0.4234375
1 0.55546875 0.41015625 0.5640625 0.415625 0.55390625 0.4296875 0.54609375 0.42421875
1 0.50390625 0.39296875 0.51484375 0.3984375 0.5125 0.40390625 0.50078125 0.39921875
1 0.57890625 0.2328125 0.596875 0.2328125 0.596875 0.2421875 0.57890625 0.2421875
1 0.49375 0.196875 0.53125 0.19140625 0.5328125 0.20390625 0.4953125 0.209375
1 0.5234375 0.346875 0.53203125 0.346875 0.53203125 0.35703125 0.5234375 0.35703125
1 0.35703125 0.365625 0.37734375 0.365625 0.37734375 0.38203125 0.35703125 0.38203125
1 0.67109375 0.334375 0.7109375 0.3453125 0.70703125 0.359375 0.66796875 0.3484375
1 0.65859375 0.41484375 0.68125 0.41484375 0.68125 0.425 0.65859375 0.425
1 0.6796875 0.40625 0.69765625 0.4140625 0.69453125 0.42109375 0.6765625 0.41328125
1 0.79296875 0.3984375 0.80078125 0.403125 0.79296875 0.415625 0.78515625 0.4109375
1 0.8484375 0.39453125 0.8609375 0.39453125 0.8609375 0.40546875 0.8484375 0.40546875
1 0.884375 0.38359375 0.89453125 0.38359375 0.89453125 0.38828125 0.884375 0.38828125
1 0.9484375 0.39765625 0.9609375 0.4078125 0.95546875 0.4140625 0.94296875 0.4046875
1 0.9625 0.40625 0.9921875 0.40625 0.9921875 0.4234375 0.9625 0.4234375
1 0.95859375 0.365625 0.97578125 0.365625 0.97578125 0.37734375 0.95859375 0.37734375
1 0.96796875 0.3078125 0.97421875 0.3078125 0.97421875 0.3234375 0.96796875 0.3234375
1 0.97265625 0.32890625 0.9828125 0.31953125 0.9875 0.325 0.97734375 0.334375
1 0.95390625 0.27578125 0.96171875 0.27578125 0.96171875 0.28984375 0.95390625 0.28984375
1 0.90390625 0.2328125 0.92734375 0.2328125 0.92734375 0.24453125 0.90390625 0.24453125
1 0.7671875 0.28984375 0.7859375 0.27890625 0.790625 0.2875 0.771875 0.2984375
1 0.72109375 0.32109375 0.740625 0.32109375 0.740625 0.32890625 0.72109375 0.32890625
3 0.43671875 0.146875 0.44140625 0.146875 0.44140625 0.15 0.43671875 0.15
3 0.97890625 0.47890625 0.98359375 0.47890625 0.98359375 0.4859375 0.97890625 0.4859375
3 0.8875 0.51796875 0.8921875 0.51796875 0.8921875 0.5234375 0.8875 0.5234375
