1 0.115625 0.871875 0.13125 0.871875 0.13125 0.88671875 0.115625 0.88671875
1 0.0359375 0.85703125 0.0546875 0.85703125 0.0546875 0.86328125 0.0359375 0.86328125
1 0.02890625 0.95234375 0.04453125 0.95234375 0.04453125 0.9734375 0.02890625 0.9734375
1 0.0234375 0.88671875 0.0328125 0.890625 0.0234375 0.91328125 0.01328125 0.909375
1 0.2609375 0.88359375 0.28203125 0.88359375 0.28203125 0.89453125 0.2609375 0.89453125
1 0.33828125 0.8859375 0.36953125 0.8859375 0.36953125 0.90625 0.33828125 0.90625
1 0.2734375 0.8359375 0.2859375 0.82265625 0.29296875 0.82890625 0.2796875 0.8421875
1 0.11875 0.81171875 0.13671875 0.81171875 0.13671875 0.834375 0.11875 0.834375
1 0.1953125 0.73359375 0.21171875 0.73359375 0.21171875 0.74609375 0.1953125 0.74609375
1 0.171875 0.6828125 0.17890625 0.68984375 0.16328125 0.7046875 0.15703125 0.69765625
1 0.240625 0.671875 0.25078125 0.671875 0.25078125 0.684375 0.240625 0.684375
1 0.29296875 0.625 0.3078125 0.625 0.3078125 0.64140625 0.29296875 0.64140625
1 0.0765625 0.7234375 0.0890625 0.7234375 0.0890625 0.73203125 0.0765625 0.73203125
1 0.0265625 0.69453125 0.03515625 0.6984375 0.021875 0.725 0.0125 0.72109375
1 0.0375 0.67109375 0.04453125 0.67578125 0.03515625 0.68984375 0.028125 0.68515625
1 0.3796875 0.75 0.38984375 0.75 0.38984375 0.7609375 0.3796875 0.7609375
1 0.40703125 0.7328125 0.41796875 0.74296875 0.40390625 0.759375 0.39296875 0.75
1 0.45625 0.66640625 0.46796875 0.66640625 0.46796875 0.678125 0.45625 0.678125
1 0.3609375 0.61328125 0.371875 0.61328125 0.371875 0.62421875 0.3609375 0.62421875
1 0.3609375 0.55625 0.3765625 0.55625 0.3765625 0.56953125 0.3609375 0.56953125
1 0.39453125 0.48515625 0.403125 0.48515625 0.403125 0.49609375 0.39453125 0.49609375
1 0.403125 0.4734375 0.41640625 0.4734375 0.41640625 0.48515625 0.403125 0.48515625
1 0.4875 0.46484375 0.50390625 0.46484375 0.50390625 0.478125 0.4875 0.478125
1 0.54921875 0.5390625 0.55859375 0.54453125 0.5484375 0.56015625 0.5390625 0.55390625
1 0.20234375 0.4046875 0.2203125 0.4140625 0.19921875 0.45703125 0.18046875 0.44765625
1 0.2328125 0.3734375 0.24140625 0.37890625 0.23125 0.39609375 0.221875 0.390625
1 0.2671875 0.3421875 0.28046875 0.35078125 0.26171875 0.3796875 0.2484375 0.37109375
1 0.34609375 0.30078125 0.38046875 0.290625 0.384375 0.30546875 0.35078125 0.31484375
1 0.46484375 0.38046875 0.49453125 0.3546875 0.50234375 0.36328125 0.4734375 0.38984375
1 0.58125 0.296875 0.59140625 0.296875 0.59140625 0.31015625 0.58125 0.31015625
1 0.65546875 0.31796875 0.665625 0.31796875 0.665625 0.33515625 0.65546875 0.33515625
1 0.4515625 0.24921875 0.4828125 0.21875 0.48984375 0.2265625 0.45859375 0.25625
1 0.4203125 0.22109375 0.43828125 0.22109375 0.43828125 0.23359375 0.4203125 0.23359375
1 0.52578125 0.20703125 0.5640625 0.184375 0.56875 0.1921875 0.53046875 0.21484375
1 0.50234375 0.15859375 0.51640625 0.15859375 0.51640625 0.17265625 0.50234375 0.17265625
1 0.4828125 0.17421875 0.49609375 0.1625 0.5 0.1671875 0.48671875 0.17890625
1 0.52578125 0.35703125 0.54375 0.35703125 0.54375 0.36875 0.52578125 0.36875
1 0.65625 0.503125 0.6890625 0.503125 0.6890625 0.5171875 0.65625 0.5171875
1 0.67265625 0.48828125 0.70234375 0.48828125 0.70234375 0.5015625 0.67265625 0.5015625
1 0.6515625 0.4515625 0.66875 0.43046875 0.6796875 0.43984375 0.66328125 0.46015625
1 0.6140625 0.5609375 0.62890625 0.54765625 0.6421875 0.56171875 0.62734375 0.575
1 0.4640625 0.7484375 0.478125 0.7484375 0.478125 0.759375 0.4640625 0.759375
1 0.38125 0.8234375 0.39609375 0.8234375 0.39609375 0.84609375 0.38125 0.84609375
1 0.73984375 0.34140625 0.75859375 0.35390625 0.71640625 0.4171875 0.69765625 0.4046875
1 0.80234375 0.3109375 0.81171875 0.31796875 0.7953125 0.33984375 0.78671875 0.3328125
1 0.796875 0.36640625 0.8078125 0.3578125 0.8125 0.36328125 0.8015625 0.37265625
1 0.7671875 0.39921875 0.78046875 0.40625 0.76796875 0.42734375 0.75546875 0.41953125
1 0.74140625 0.3109375 0.746875 0.3109375 0.746875 0.3234375 0.74140625 0.3234375
1 0.87265625 0.26171875 0.88828125 0.26875 0.86875 0.30703125 0.85390625 0.3
1 0.49140625 0.24453125 0.50703125 0.24453125 0.50703125 0.25390625 0.49140625 0.25390625
1 0.621875 0.22734375 0.62890625 0.22734375 0.62890625 0.23828125 0.621875 0.23828125
1 0.665625 0.1625 0.671875 0.16953125 0.6453125 0.1921875 0.6390625 0.18515625
1 0.6671875 0.14296875 0.67421875 0.15 0.65234375 0.1734375 0.6453125 0.16640625
1 0.62890625 0.134375 0.63828125 0.14140625 0.61484375 0.17265625 0.6046875 0.16484375
1 0.90703125 0.221875 0.9203125 0.23046875 0.903125 0.25625 0.88984375 0.246875
1 0.93515625 0.11484375 0.9671875 0.1046875 0.971875 0.1203125 0.93984375 0.13046875
1 0.98359375 0.05703125 1.00234375 0.0609375 0.99765625 0.0875 0.978125 0.08359375
1 0.82265625 -0.0015625 0.8375 0.01015625 0.81953125 0.0328125 0.8046875 0.0203125
1 0.8234375 0.11015625 0.84375 0.11015625 0.84375 0.1265625 0.8234375 0.1265625
1 0.771875 0.08359375 0.7953125 0.08359375 0.7953125 0.09765625 0.771875 0.09765625
1 0.89765625 0.03515625 0.9109375 0.03515625 0.9109375 0.05390625 0.89765625 0.05390625
1 0.70703125 0.06484375 0.71875 0.07265625 0.7 0.103125 0.68828125 0.0953125
1 0.66171875 0.05546875 0.675 0.05546875 0.675 0.06796875 0.66171875 0.06796875
1 0.5078125 0.303125 0.5265625 0.2921875 0.53203125 0.3015625 0.51328125 0.3125
1 0.50234375 0.146875 0.521875 0.128125 0.53125 0.1375 0.51171875 0.15703125
1 0.4140625 0.59375 0.42421875 0.58359375 0.4296875 0.58828125 0.41953125 0.59921875
1 0.3453125 0.4375 0.35390625 0.440625 0.346875 0.46015625 0.33828125 0.45703125
1 0.37421875 0.41015625 0.38125 0.41484375 0.3703125 0.43125 0.36328125 0.42578125
3 0.20703125 0.80546875 0.21328125 0.80546875 0.21328125 0.81015625 0.20703125 0.81015625
3 0.2171875 0.8265625 0.221875 0.8265625 0.221875 0.8328125 0.2171875 0.8328125
3 0.26015625 0.8125 0.26328125 0.8125 0.26328125 0.81796875 0.26015625 0.81796875
3 0.15625 0.7953125 0.16015625 0.7953125 0.16015625 0.8015625 0.15625 0.8015625
3 0.05546875 0.97734375 0.065625 0.97734375 0.065625 0.98515625 0.05546875 0.98515625
3 0.1734375 0.89921875 0.18046875 0.89921875 0.18046875 0.90625 0.1734375 0.90625
3 0.2796875 0.90703125 0.2859375 0.90703125 0.2859375 0.9125 0.2796875 0.9125
3 0.2875 0.8625 0.29375 0.8625 0.29375 0.86875 0.2875 0.86875
3 0.39140625 0.89609375 0.3984375 0.89609375 0.3984375 0.903125 0.39140625 0.903125
3 0.075 0.77734375 0.08046875 0.77734375 0.08046875 0.784375 0.075 0.784375
3 0.0859375 0.7515625 0.08984375 0.7515625 0.08984375 0.759375 0.0859375 0.759375
3 0.046875 0.6234375 0.0515625 0.6234375 0.0515625 0.63046875 0.046875 0.63046875
3 0.05625 0.61875 0.0609375 0.61875 0.0609375 0.6265625 0.05625 0.6265625
3 0.565625 0.35078125 0.5734375 0.35078125 0.5734375 0.35625 0.565625 0.35625
3 0.7203125 0.375 0.73046875 0.375 0.73046875 0.3859375 0.7203125 0.3859375
3 0.77109375 0.3984375 0.775 0.3984375 0.775 0.40390625 0.77109375 0.40390625
3 0.77421875 0.3921875 0.77734375 0.3921875 0.77734375 0.396875 0.77421875 0.396875
3 0.32109375 0.29921875 0.32421875 0.29921875 0.32421875 0.30390625 0.32109375 0.30390625
3 0.2765625 0.34453125 0.28203125 0.34453125 0.28203125 0.34921875 0.2765625 0.34921875
3 0.36484375 0.3546875 0.3703125 0.3546875 0.3703125 0.359375 0.36484375 0.359375
