1 0.1515625 0.5015625 0.178125 0.5015625 0.178125 0.51015625 0.1515625 0.51015625
1 0.05546875 0.571875 0.0890625 0.559375 0.09609375 0.5765625 0.0625 0.5890625
1 0.028125 0.56875 0.04375 0.56875 0.04375 0.58125 0.028125 0.58125
1 0.06171875 0.53984375 0.07578125 0.5296875 0.08125 0.5375 0.0671875 0.54765625
1 0.0109375 0.52421875 0.02109375 0.53125 0.00390625 0.553125 -0.0046875 0.5453125
1 0.0 0.55625 0.0109375 0.55625 0.0109375 0.56171875 0.0 0.56171875
1 0.0046875 0.5640625 0.01171875 0.5640625 0.01171875 0.5703125 0.0046875 0.5703125
1 0.0 0.6296875 0.01484375 0.6296875 0.01484375 0.65234375 0.0 0.65234375
1 0.0390625 0.5375 0.05 0.54140625 0.04140625 0.56484375 0.03125 0.5609375
1 0.00859375 0.4859375 0.0296875 0.4859375 0.0296875 0.49765625 0.00859375 0.49765625
1 0.05546875 0.4796875 0.0640625 0.4796875 0.0640625 0.49375 0.05546875 0.49375
1 0.1296875 0.42734375 0.13984375 0.434375 0.13125 0.446875 0.12109375 0.4390625
1 0.25 0.421875 0.25625 0.42734375 0.2390625 0.4453125 0.2328125 0.43984375
1 0.21875 0.32265625 0.234375 0.32265625 0.234375 0.3375 0.21875 0.3375
1 0.29453125 0.265625 0.30390625 0.26953125 0.29609375 0.28828125 0.2859375 0.284375
1 0.31640625 0.23515625 0.32734375 0.23515625 0.32734375 0.2578125 0.31640625 0.2578125
1 0.35234375 0.2796875 0.3734375 0.2703125 0.3796875 0.284375 0.359375 0.29453125
1 0.25703125 0.2609375 0.2734375 0.2609375 0.2734375 0.278125 0.25703125 0.278125
1 0.32578125 0.3375 0.33828125 0.32734375 0.34296875 0.33203125 0.3296875 0.34296875
1 0.2109375 0.36328125 0.21875 0.35546875 0.22265625 0.359375 0.21484375 0.3671875
1 0.1640625 0.22734375 0.18203125 0.20703125 0.1890625 0.2125 0.1703125 0.2328125
1 0.2015625 0.2046875 0.209375 0.20859375 0.19765625 0.22734375 0.18984375 0.22265625
1 0.10703125 0.234375 0.1171875 0.234375 0.1171875 0.240625 0.10703125 0.240625
1 0.0265625 0.2109375 0.04453125 0.203125 0.04765625 0.21015625 0.0296875 0.21796875
1 0.25078125 0.18203125 0.27578125 0.18203125 0.27578125 0.19453125 0.25078125 0.19453125
1 0.36484375 0.19296875 0.37890625 0.19296875 0.37890625 0.20703125 0.36484375 0.20703125
1 0.4125 0.20390625 0.4296875 0.1921875 0.4359375 0.20078125 0.41875 0.2125
1 0.38671875 0.1984375 0.4 0.1984375 0.4 0.21328125 0.38671875 0.21328125
1 0.45859375 0.2234375 0.4765625 0.2234375 0.4765625 0.253125 0.45859375 0.253125
1 0.48359375 0.20546875 0.49765625 0.20546875 0.49765625 0.21953125 0.48359375 0.21953125
1 0.51328125 0.18515625 0.53984375 0.18515625 0.53984375 0.2 0.51328125 0.2
1 0.5859375 0.13046875 0.59921875 0.1359375 0.58828125 0.1625 0.575 0.15703125
1 0.58515625 0.10703125 0.6 0.10703125 0.6 0.12734375 0.58515625 0.12734375
1 0.6203125 0.06953125 0.63671875 0.06015625 0.64296875 0.07109375 0.62578125 0.08046875
1 0.68125 0.0296875 0.6921875 0.0375 0.67890625 0.0546875 0.66796875 0.046875
1 0.66171875 0.0515625 0.67578125 0.0515625 0.67578125 0.06484375 0.66171875 0.06484375
1 0.53984375 0.00703125 0.55 0.00703125 0.55 0.03203125 0.53984375 0.03203125
1 0.61796875 0.0 0.62578125 0.0046875 0.6171875 0.01640625 0.609375 0.0109375
1 0.50859375 0.01953125 0.52421875 0.01953125 0.52421875 0.0296875 0.50859375 0.0296875
1 0.4890625 0.065625 0.49921875 0.065625 0.49921875 0.07734375 0.4890625 0.07734375
1 0.47578125 0.09921875 0.4890625 0.09921875 0.4890625 0.11640625 0.47578125 0.11640625
1 0.33515625 0.03828125 0.34453125 0.04453125 0.334375 0.06171875 0.32421875 0.05546875
1 0.178125 0.0125 0.18671875 0.0171875 0.16875 0.05 0.1609375 0.04609375
1 0.21796875 -0.003125 0.22421875 0.00234375 0.20859375 0.01640625 0.20234375 0.009375
3 0.2 0.01328125 0.20625 0.01328125 0.20625 0.01875 0.2 0.01875
3 0.11875 0.659375 0.125 0.659375 0.125 0.66640625 0.11875 0.66640625
3 0.7234375 0.88671875 0.73046875 0.88671875 0.73046875 0.89453125 0.7234375 0.89453125
