3 0.1859375 0.96171875 0.18984375 0.96171875 0.18984375 0.96640625 0.1859375 0.96640625
3 0.646875 0.596875 0.65625 0.596875 0.65625 0.60703125 0.646875 0.60703125
1 0.44921875 0.10078125 0.46875 0.08203125 0.4796875 0.09453125 0.46015625 0.1125
1 0.0203125 0.278125 0.0328125 0.278125 0.0328125 0.3015625 0.0203125 0.3015625
1 0.00625 0.284375 0.01796875 0.284375 0.01796875 0.2984375 0.00625 0.2984375
1 0.04765625 0.3765625 0.071875 0.3625 0.0796875 0.37578125 0.05625 0.38984375
1 0.6859375 0.32890625 0.69765625 0.32421875 0.70078125 0.33046875 0.6890625 0.3359375
1 0.3546875 0.5140625 0.38671875 0.50078125 0.390625 0.5125 0.359375 0.525
1 0.40859375 0.54453125 0.4359375 0.528125 0.44453125 0.5421875 0.4171875 0.55859375
1 0.6265625 0.5234375 0.6421875 0.5234375 0.6421875 0.53359375 0.6265625 0.53359375
1 0.8421875 0.365625 0.8546875 0.3734375 0.840625 0.3953125 0.828125 0.3875
1 0.9171875 0.94765625 0.92109375 0.94375 0.9296875 0.95234375 0.925 0.95703125
1 0.50859375 0.6046875 0.56015625 0.59296875 0.56328125 0.60625 0.51171875 0.61796875
1 0.39296875 0.6390625 0.4078125 0.6328125 0.4109375 0.64140625 0.39609375 0.64765625
1 0.0078125 0.87265625 0.01328125 0.86640625 0.021875 0.875 0.015625 0.88046875
1 -0.00078125 0.88984375 0.0140625 0.88203125 0.01875 0.890625 0.003125 0.8984375
1 0.075 0.8765625 0.0828125 0.87265625 0.09140625 0.890625 0.084375 0.89453125
1 0.16328125 0.91484375 0.16953125 0.90703125 0.19453125 0.9265625 0.18828125 0.934375
1 0.15625 0.93046875 0.1609375 0.92265625 0.18671875 0.93984375 0.18125 0.94765625
1 0.23046875 0.93828125 0.2453125 0.92890625 0.26015625 0.9515625 0.2453125 0.9609375
1 0.06796875 0.78671875 0.0984375 0.765625 0.10703125 0.778125 0.0765625 0.79921875
1 0.90390625 0.575 0.92890625 0.575 0.92890625 0.58828125 0.90390625 0.58828125
1 0.78671875 0.621875 0.81328125 0.6109375 0.8171875 0.61953125 0.790625 0.63125
3 0.44296875 0.75625 0.4578125 0.75078125 0.46015625 0.7578125 0.4453125 0.76328125
1 0.325 0.6828125 0.3359375 0.6828125 0.3359375 0.70703125 0.325 0.70703125
1 0.128125 0.7703125 0.13828125 0.7703125 0.13828125 0.77890625 0.128125 0.77890625
