2 0.034375 0.49453125 0.0578125 0.49453125 0.0578125 0.51171875 0.034375 0.51171875
2 0.15 0.57578125 0.16015625 0.5671875 0.1890625 0.6015625 0.178125 0.61015625
2 0.1578125 0.6421875 0.17265625 0.6421875 0.17265625 0.659375 0.1578125 0.659375
2 0.046875 0.74921875 0.04140625 0.75703125 0.01484375 0.73828125 0.02109375 0.73046875
2 0.065625 0.73671875 0.08984375 0.75703125 0.0765625 0.77265625 0.05234375 0.75234375
2 0.07421875 0.78828125 0.08515625 0.77890625 0.103125 0.7984375 0.0921875 0.8078125
2 0.13828125 0.84296875 0.1296875 0.85078125 0.0984375 0.81484375 0.10703125 0.8078125
2 0.1640625 0.84921875 0.17109375 0.84296875 0.1921875 0.86953125 0.184375 0.875
2 0.01015625 0.6859375 0.02578125 0.6859375 0.02578125 0.70078125 0.01015625 0.70078125
2 0.28671875 0.7625 0.275 0.77578125 0.22578125 0.734375 0.23671875 0.72109375
2 0.4 0.821875 0.390625 0.83125 0.35 0.79375 0.359375 0.784375
2 0.321875 0.76484375 0.3296875 0.75546875 0.35390625 0.77578125 0.34609375 0.78515625
2 0.10546875 0.734375 0.11875 0.72109375 0.153125 0.753125 0.140625 0.76640625
2 0.159375 0.77421875 0.18671875 0.77421875 0.18671875 0.7890625 0.159375 0.7890625
2 0.28125 0.70625 0.28984375 0.696875 0.32734375 0.73046875 0.31875 0.73984375
2 0.46171875 0.9125 0.49765625 0.9484375 0.47890625 0.96640625 0.44375 0.9296875
2 0.5171875 0.91875 0.5078125 0.92890625 0.484375 0.90625 0.49453125 0.89609375
2 0.215625 0.9390625 0.20546875 0.94453125 0.178125 0.89921875 0.1875 0.89296875
2 0.17734375 0.796875 0.1890625 0.796875 0.1890625 0.81484375 0.17734375 0.81484375
