1 0.26328125 0.27109375 0.2671875 0.26171875 0.28671875 0.2703125 0.28203125 0.27890625
1 0.10078125 0.31875 0.11796875 0.31875 0.11796875 0.33359375 0.10078125 0.33359375
1 0.2 0.22734375 0.209375 0.22890625 0.2078125 0.2453125 0.19765625 0.24375
1 0.34765625 0.18828125 0.36328125 0.18828125 0.36328125 0.19765625 0.34765625 0.19765625
1 0.34765625 0.20234375 0.35390625 0.20234375 0.35390625 0.2171875 0.34765625 0.2171875
1 0.33125 0.23125 0.33984375 0.2359375 0.31953125 0.26953125 0.31171875 0.26484375
1 0.18359375 0.30859375 0.1953125 0.30859375 0.1953125 0.33046875 0.18359375 0.33046875
1 0.18125 0.3453125 0.1875 0.34765625 0.18125 0.3640625 0.175 0.3625
1 0.1171875 0.42421875 0.14140625 0.41328125 0.14609375 0.42265625 0.121875 0.434375
1 0.29609375 0.38359375 0.30390625 0.3890625 0.2859375 0.41953125 0.27734375 0.41484375
1 0.025 0.35703125 0.04296875 0.34375 0.0484375 0.35234375 0.03046875 0.36484375
1 0.02890625 0.34296875 0.0484375 0.33359375 0.05078125 0.3390625 0.03125 0.34765625
1 0.01640625 0.33671875 0.03671875 0.3328125 0.0375 0.3375 0.0171875 0.3421875
1 0.046875 0.41484375 0.09609375 0.421875 0.09453125 0.43125 0.04609375 0.425
1 0.52890625 0.07421875 0.54609375 0.07421875 0.54609375 0.0875 0.52890625 0.0875
1 0.903125 0.209375 0.91953125 0.209375 0.91953125 0.23203125 0.903125 0.23203125
1 0.64921875 0.259375 0.6640625 0.259375 0.6640625 0.27421875 0.64921875 0.27421875
1 0.83046875 0.31328125 0.8484375 0.31328125 0.8484375 0.325 0.83046875 0.325
1 0.8859375 0.26796875 0.89140625 0.27109375 0.8796875 0.29609375 0.8734375 0.29296875
1 0.6203125 0.425 0.63203125 0.425 0.63203125 0.440625 0.6203125 0.440625
1 0.46484375 0.303125 0.47578125 0.303125 0.47578125 0.33125 0.46484375 0.33125
1 0.4453125 0.48359375 0.45546875 0.48359375 0.45546875 0.4984375 0.4453125 0.4984375
1 0.3421875 0.49375 0.35859375 0.49375 0.35859375 0.51484375 0.3421875 0.51484375
1 0.79609375 0.5171875 0.80625 0.52109375 0.79765625 0.54453125 0.7875 0.540625
1 0.2 0.71328125 0.21015625 0.71953125 0.20078125 0.73515625 0.18984375 0.7296875
1 0.3203125 0.75625 0.35078125 0.746875 0.35390625 0.7578125 0.3234375 0.76640625
1 0.81796875 0.86171875 0.85078125 0.846875 0.8578125 0.86171875 0.82421875 0.87578125
1 0.446875 0.83125 0.47421875 0.82421875 0.47734375 0.8359375 0.45 0.84296875
1 0.78046875 0.97734375 0.8078125 0.97734375 0.8078125 0.99140625 0.78046875 0.99140625
1 0.6921875 0.95390625 0.72734375 0.95390625 0.72734375 0.9734375 0.6921875 0.9734375
1 0.11640625 0.95234375 0.1359375 0.9453125 0.13984375 0.95546875 0.1203125 0.9625
1 0.228125 0.9109375 0.2375 0.9109375 0.2375 0.9265625 0.228125 0.9265625
1 0.36171875 0.95625 0.36796875 0.946875 0.3859375 0.959375 0.3796875 0.96875
1 0.809375 0.56953125 0.8328125 0.55625 0.83828125 0.565625 0.81484375 0.57890625
1 0.6140625 0.81796875 0.62578125 0.81796875 0.62578125 0.83203125 0.6140625 0.83203125
