2 0.3640625 0.01796875 0.37109375 0.0109375 0.39453125 0.0328125 0.3875 0.03984375
2 0.44140625 0.0109375 0.4453125 0.00546875 0.45859375 0.015625 0.45390625 0.02109375
2 0.50703125 0.16640625 0.5140625 0.1609375 0.53359375 0.18828125 0.52578125 0.19375
2 0.4828125 0.18515625 0.4890625 0.17890625 0.525 0.2125 0.51875 0.21875
2 0.53203125 0.22421875 0.5359375 0.21875 0.56875 0.24296875 0.56484375 0.2484375
2 0.51328125 0.2328125 0.51953125 0.22734375 0.53203125 0.2421875 0.52578125 0.246875
2 0.5 0.271875 0.50625 0.26484375 0.5328125 0.290625 0.52578125 0.29765625
2 0.53984375 0.275 0.5484375 0.2671875 0.56171875 0.2828125 0.553125 0.28984375
2 0.58671875 0.29375 0.59375 0.2875 0.6046875 0.3 0.596875 0.30625
2 0.70625 0.2234375 0.71640625 0.2140625 0.7328125 0.23125 0.7234375 0.240625
2 0.5109375 0.00625 0.51953125 0.0 0.5296875 0.015625 0.521875 0.02109375
2 0.4890625 0.01796875 0.49375 0.01328125 0.50625 0.02578125 0.5015625 0.03046875
2 0.60703125 0.01875 0.5984375 0.028125 0.57109375 0.0015625 0.58046875 -0.00703125
2 0.74140625 0.1546875 0.73046875 0.16640625 0.68671875 0.1265625 0.696875 0.115625
2 0.78828125 0.26484375 0.7953125 0.26015625 0.81640625 0.290625 0.809375 0.2953125
2 0.69765625 0.27421875 0.70859375 0.27421875 0.70859375 0.28515625 0.69765625 0.28515625
2 0.64609375 0.36796875 0.6421875 0.37421875 0.62109375 0.3609375 0.625 0.3546875
2 0.69140625 0.4171875 0.68671875 0.421875 0.6703125 0.40625 0.67421875 0.4015625
2 0.74296875 0.35703125 0.76171875 0.35703125 0.76171875 0.36875 0.74296875 0.36875
2 0.69375 0.4921875 0.70390625 0.4921875 0.70390625 0.5046875 0.69375 0.5046875
2 0.71640625 0.48515625 0.71328125 0.4875 0.7 0.46953125 0.70390625 0.4671875
2 0.7171875 0.4828125 0.7296875 0.4828125 0.7296875 0.496875 0.7171875 0.496875
2 0.678125 0.48046875 0.68984375 0.48046875 0.68984375 0.490625 0.678125 0.490625
2 0.86484375 0.296875 0.871875 0.290625 0.8875 0.3078125 0.88046875 0.3140625
2 0.921875 0.35859375 0.93125 0.35078125 0.96015625 0.38828125 0.95078125 0.3953125
2 0.99453125 0.4234375 0.98828125 0.42890625 0.95859375 0.396875 0.96484375 0.39140625
2 0.89140625 0.62734375 0.88515625 0.6328125 0.86015625 0.6046875 0.865625 0.6
2 0.89921875 0.42109375 0.89296875 0.4296875 0.871875 0.41640625 0.878125 0.40703125
3 0.3453125 0.73828125 0.36328125 0.73828125 0.36328125 0.75 0.3453125 0.75
3 0.38828125 0.68515625 0.3953125 0.68515625 0.3953125 0.690625 0.38828125 0.690625
3 0.32421875 0.6609375 0.33125 0.6609375 0.33125 0.66796875 0.32421875 0.66796875
3 0.4 0.7046875 0.4125 0.7046875 0.4125 0.7109375 0.4 0.7109375
3 0.64296875 0.92109375 0.6484375 0.92109375 0.6484375 0.92890625 0.64296875 0.92890625
2 0.9171875 0.6796875 0.91171875 0.68671875 0.89296875 0.6703125 0.89921875 0.66328125
2 1.0 0.73359375 0.9953125 0.7390625 0.97109375 0.71953125 0.97578125 0.7140625
2 0.82890625 0.51953125 0.8359375 0.5140625 0.859375 0.540625 0.853125 0.546875
2 0.92265625 0.61484375 0.928125 0.61015625 0.95078125 0.63515625 0.9453125 0.63984375
2 0.95234375 0.60390625 0.94609375 0.61015625 0.93359375 0.59921875 0.93984375 0.5921875
2 0.4125 0.15078125 0.4203125 0.14453125 0.43359375 0.16015625 0.42578125 0.16640625
2 0.93828125 0.69453125 0.93125 0.70078125 0.91484375 0.68203125 0.921875 0.67578125
2 0.70078125 0.20703125 0.68203125 0.24453125 0.65 0.228125 0.66875 0.190625
2 0.65546875 0.1375 0.6671875 0.1375 0.6671875 0.1546875 0.65546875 0.1546875
2 0.25078125 0.065625 0.24453125 0.071875 0.209375 0.0375 0.215625 0.03046875
2 0.346875 0.13515625 0.3421875 0.14140625 0.3109375 0.11640625 0.315625 0.11015625
2 0.5296875 0.10625 0.5375 0.09921875 0.55078125 0.11328125 0.5421875 0.1203125
