0 0.02421875 0.15 0.05390625 0.13203125 0.0578125 0.13828125 0.028125 0.15625
0 0.05 0.01015625 0.071875 0.00703125 0.0734375 0.01640625 0.0515625 0.01953125
0 0.54140625 0.0421875 0.5640625 0.03046875 0.56796875 0.03671875 0.5453125 0.04921875
0 0.65234375 0.01875 0.671875 0.0140625 0.6734375 0.02109375 0.65390625 0.02578125
0 0.3578125 0.00078125 0.375 0.00078125 0.375 0.00859375 0.3578125 0.00859375
3 0.28828125 0.0 0.32734375 0.0 0.32734375 0.028125 0.28828125 0.028125
3 0.4921875 0.23125 0.528125 0.23125 0.528125 0.26328125 0.4921875 0.26328125
3 0.54296875 0.23203125 0.57421875 0.24375 0.55546875 0.2921875 0.52421875 0.28046875
3 0.68671875 0.3296875 0.70078125 0.3296875 0.70078125 0.34375 0.68671875 0.34375
3 0.59921875 0.36640625 0.60859375 0.36640625 0.60859375 0.375 0.59921875 0.375
3 0.38515625 0.53828125 0.39453125 0.53828125 0.39453125 0.5453125 0.38515625 0.5453125
3 0.91640625 0.36640625 0.93125 0.36640625 0.93125 0.384375 0.91640625 0.384375
3 0.9890625 0.57578125 1.0 0.57578125 1.0 0.5875 0.9890625 0.5875
3 0.10625 0.75703125 0.11484375 0.75703125 0.11484375 0.7671875 0.10625 0.7671875
3 0.315625 0.953125 0.3234375 0.953125 0.3234375 0.96171875 0.315625 0.96171875
