1 0.39296875 0.00390625 0.4234375 0.00390625 0.4234375 0.01328125 0.39296875 0.01328125
1 0.26875 0.02890625 0.2921875 0.01484375 0.29765625 0.02421875 0.27421875 0.03828125
1 0.303125 0.05390625 0.32109375 0.05390625 0.32109375 0.06328125 0.303125 0.06328125
1 0.32578125 0.15390625 0.3484375 0.15390625 0.3484375 0.1609375 0.32578125 0.1609375
1 0.47421875 0.11015625 0.50546875 0.1046875 0.50703125 0.11171875 0.47578125 0.1171875
1 0.31171875 0.078125 0.31796875 0.08125 0.309375 0.09921875 0.303125 0.09609375
1 0.36015625 0.04375 0.3828125 0.03125 0.38515625 0.0359375 0.3625 0.0484375
1 0.57734375 0.1484375 0.603125 0.1484375 0.603125 0.15625 0.57734375 0.15625
3 0.82109375 0.04765625 0.8265625 0.04765625 0.8265625 0.05390625 0.82109375 0.05390625
3 0.89140625 0.58671875 0.89765625 0.58671875 0.89765625 0.59375 0.89140625 0.59375
3 0.43515625 0.4734375 0.44375 0.4734375 0.44375 0.4828125 0.43515625 0.4828125
3 0.390625 0.3625 0.3953125 0.3625 0.3953125 0.36640625 0.390625 0.36640625
3 0.41953125 0.19296875 0.4234375 0.19296875 0.4234375 0.19765625 0.41953125 0.19765625
3 0.61796875 0.0609375 0.62109375 0.0609375 0.62109375 0.06484375 0.61796875 0.06484375
3 0.62265625 0.0875 0.6265625 0.0875 0.6265625 0.09140625 0.62265625 0.09140625
1 0.46875 0.028125 0.48359375 0.028125 0.48359375 0.03359375 0.46875 0.03359375
1 0.3578125 0.06640625 0.37109375 0.06640625 0.37109375 0.07734375 0.3578125 0.07734375
1 0.75078125 0.0671875 0.7703125 0.06328125 0.77109375 0.06796875 0.75234375 0.07265625
1 0.015625 0.36171875 0.03828125 0.36171875 0.03828125 0.36953125 0.015625 0.36953125
1 0.04609375 0.36015625 0.09140625 0.33515625 0.0953125 0.34140625 0.05 0.3671875
1 0.17734375 0.3125 0.215625 0.2921875 0.21953125 0.3 0.18125 0.3203125
1 0.19921875 0.296875 0.2484375 0.27421875 0.2515625 0.28125 0.20234375 0.30390625
1 0.271875 0.2671875 0.3109375 0.2515625 0.31328125 0.25859375 0.27421875 0.27421875
1 0.31953125 0.24921875 0.3671875 0.22421875 0.37109375 0.23125 0.3234375 0.25625
1 0.3734375 0.22578125 0.40625 0.2046875 0.41015625 0.2109375 0.37734375 0.23203125
1 0.465625 0.15859375 0.4984375 0.134375 0.50546875 0.14296875 0.47265625 0.16796875
1 0.38984375 0.1875 0.43125 0.16953125 0.434375 0.17734375 0.39296875 0.1953125
1 0.309375 0.23125 0.34453125 0.22109375 0.34609375 0.2265625 0.3109375 0.23671875
1 0.31171875 0.22109375 0.36328125 0.20703125 0.36484375 0.2125 0.31328125 0.22734375
1 0.2765625 0.23671875 0.296875 0.228125 0.29921875 0.234375 0.27890625 0.2421875
1 0.23203125 0.24765625 0.26015625 0.2390625 0.26171875 0.24453125 0.234375 0.25390625
1 0.2609375 0.23359375 0.28359375 0.22421875 0.2859375 0.23125 0.26328125 0.23984375
1 0.23984375 0.23125 0.25625 0.2265625 0.2578125 0.2328125 0.24140625 0.2375
1 0.29453125 0.21796875 0.31015625 0.21328125 0.3125 0.21875 0.296875 0.22421875
1 0.346875 0.2 0.37421875 0.1875 0.37734375 0.19375 0.35 0.20625
1 0.37578125 0.1796875 0.41171875 0.15703125 0.41484375 0.16171875 0.3796875 0.184375
1 0.39609375 0.1734375 0.421875 0.159375 0.4234375 0.16328125 0.39765625 0.17734375
1 0.42578125 0.1234375 0.45859375 0.1234375 0.45859375 0.159375 0.42578125 0.159375
1 0.06640625 0.31796875 0.0984375 0.31796875 0.0984375 0.3234375 0.06640625 0.3234375
1 0.040625 0.321875 0.06640625 0.30859375 0.06796875 0.3125 0.04296875 0.32578125
1 0.071875 0.30546875 0.08671875 0.30546875 0.08671875 0.31171875 0.071875 0.31171875
1 0.09921875 0.303125 0.11875 0.303125 0.11875 0.3078125 0.09921875 0.3078125
1 0.1078125 0.30078125 0.125 0.29453125 0.1265625 0.3 0.109375 0.30625
1 0.1203125 0.30078125 0.1359375 0.29296875 0.13828125 0.29765625 0.12265625 0.30625
1 0.134375 0.2890625 0.15 0.2859375 0.1515625 0.29296875 0.1359375 0.29609375
1 0.15703125 0.21171875 0.18828125 0.1984375 0.190625 0.20390625 0.15859375 0.2171875
1 0.0390625 0.1859375 0.0625 0.1765625 0.06484375 0.1828125 0.04140625 0.1921875
1 0.0078125 0.1671875 0.0171875 0.1671875 0.0171875 0.171875 0.0078125 0.171875
1 0.66953125 0.1296875 0.721875 0.1296875 0.721875 0.14296875 0.66953125 0.14296875
1 0.6203125 0.13828125 0.67265625 0.13828125 0.67265625 0.1484375 0.6203125 0.1484375
1 0.83828125 0.10390625 0.8828125 0.09140625 0.88515625 0.10234375 0.840625 0.11484375
1 0.915625 0.0828125 0.93984375 0.0828125 0.93984375 0.0875 0.915625 0.0875
1 0.98125 0.0765625 1.0 0.0765625 1.0 0.084375 0.98125 0.084375
1 0.64140625 0.08125 0.6734375 0.08125 0.6734375 0.09140625 0.64140625 0.09140625
1 0.721875 0.084375 0.7453125 0.07421875 0.74921875 0.08359375 0.72578125 0.09375
1 0.721875 0.06875 0.734375 0.06875 0.734375 0.0765625 0.721875 0.0765625
1 0.71875 0.003125 0.7328125 0.003125 0.7328125 0.009375 0.71875 0.009375
1 0.56796875 0.00625 0.575 0.0125 0.56171875 0.02734375 0.5546875 0.02109375
