1 0.00859375 0.8125 0.01875 0.80078125 0.03984375 0.81953125 0.0296875 0.83125
1 0.06015625 0.7625 0.07265625 0.7625 0.07265625 0.7796875 0.06015625 0.7796875
1 0.06953125 0.78046875 0.08203125 0.78046875 0.08203125 0.8 0.06953125 0.8
1 0.0984375 0.72265625 0.10859375 0.72265625 0.10859375 0.74765625 0.0984375 0.74765625
1 0.121875 0.4578125 0.12890625 0.4625 0.1109375 0.48828125 0.10390625 0.48359375
1 0.0421875 0.71640625 0.0640625 0.70625 0.06796875 0.71484375 0.04609375 0.725
1 0.121875 0.83828125 0.134375 0.82890625 0.15546875 0.85390625 0.14296875 0.8640625
1 0.2609375 0.134375 0.2765625 0.134375 0.2765625 0.14609375 0.2609375 0.14609375
1 0.31484375 0.31328125 0.35 0.3 0.3546875 0.3125 0.31953125 0.32578125
1 0.14375 0.590625 0.178125 0.590625 0.178125 0.5984375 0.14375 0.5984375
1 0.0140625 0.6703125 0.025 0.6609375 0.03203125 0.66953125 0.02109375 0.678125
1 0.05625 0.80078125 0.0640625 0.80078125 0.0640625 0.8078125 0.05625 0.8078125
1 0.2859375 0.653125 0.31328125 0.64453125 0.31875 0.66171875 0.29140625 0.6703125
