2 0.37890625 0.70234375 0.39375 0.70234375 0.39375 0.7078125 0.37890625 0.7078125
2 0.05 0.4859375 0.06640625 0.4859375 0.06640625 0.50859375 0.05 0.50859375
3 0.18125 0.4171875 0.1953125 0.4171875 0.1953125 0.42421875 0.18125 0.42421875
2 0.01953125 0.3265625 0.04609375 0.33046875 0.04453125 0.3421875 0.0171875 0.33828125
2 0.2015625 0.54765625 0.221875 0.54765625 0.221875 0.56796875 0.2015625 0.56796875
2 0.26171875 0.60234375 0.27421875 0.60234375 0.27421875 0.61796875 0.26171875 0.61796875
2 0.16171875 0.61953125 0.1859375 0.61953125 0.1859375 0.63046875 0.16171875 0.63046875
2 0.0328125 0.39375 0.04375 0.39375 0.04375 0.4140625 0.0328125 0.4140625
2 0.1078125 0.45703125 0.12578125 0.45703125 0.12578125 0.48203125 0.1078125 0.48203125
2 0.01640625 0.3828125 0.03359375 0.3828125 0.03359375 0.403125 0.01640625 0.403125
2 0.68671875 0.85859375 0.70859375 0.85859375 0.70859375 0.88125 0.68671875 0.88125
2 0.709375 0.81015625 0.72109375 0.81015625 0.72109375 0.834375 0.709375 0.834375
2 0.67578125 0.78984375 0.6921875 0.78984375 0.6921875 0.82265625 0.67578125 0.82265625
2 0.66171875 0.8125 0.67578125 0.8125 0.67578125 0.828125 0.66171875 0.828125
2 0.63984375 0.77265625 0.66015625 0.77265625 0.66015625 0.79140625 0.63984375 0.79140625
2 0.5359375 0.8625 0.55 0.8625 0.55 0.8796875 0.5359375 0.8796875
2 0.45234375 0.471875 0.46875 0.471875 0.46875 0.48359375 0.45234375 0.48359375
2 0.41953125 0.4609375 0.4515625 0.4640625 0.45 0.47734375 0.41796875 0.47421875
2 0.2421875 0.41640625 0.296875 0.43828125 0.2921875 0.45078125 0.2375 0.42890625
2 0.7 0.55234375 0.70703125 0.5484375 0.7171875 0.5671875 0.71015625 0.57109375
2 0.66015625 0.4984375 0.709375 0.515625 0.70546875 0.528125 0.65546875 0.5109375
2 0.57421875 0.51171875 0.58046875 0.50859375 0.590625 0.52578125 0.58515625 0.5296875
2 0.34921875 0.48828125 0.3578125 0.4796875 0.3734375 0.49609375 0.36484375 0.5046875
2 0.41640625 0.50078125 0.4234375 0.4921875 0.4515625 0.5140625 0.44453125 0.52265625
2 0.15234375 0.4796875 0.18203125 0.4796875 0.18203125 0.52890625 0.15234375 0.52890625
2 0.24375 0.51796875 0.2671875 0.53125 0.26015625 0.54296875 0.23671875 0.53046875
2 0.284375 0.53125 0.296875 0.53125 0.296875 0.5484375 0.284375 0.5484375
2 0.296875 0.6546875 0.309375 0.6546875 0.309375 0.66796875 0.296875 0.66796875
2 0.3578125 0.68359375 0.365625 0.67890625 0.37421875 0.69296875 0.36640625 0.69765625
2 0.453125 0.7453125 0.4734375 0.7453125 0.4734375 0.76875 0.453125 0.76875
2 0.47265625 0.79921875 0.4859375 0.79921875 0.4859375 0.81328125 0.47265625 0.81328125
2 0.43125 0.78984375 0.45859375 0.78984375 0.45859375 0.80234375 0.43125 0.80234375
2 0.53125 0.75078125 0.54140625 0.75078125 0.54140625 0.77265625 0.53125 0.77265625
2 0.5546875 0.82265625 0.56953125 0.82265625 0.56953125 0.84296875 0.5546875 0.84296875
2 0.56953125 0.90859375 0.58125 0.9 0.6 0.92421875 0.5890625 0.9328125
2 0.6625 0.90625 0.67265625 0.90625 0.67265625 0.9234375 0.6625 0.9234375
2 0.74765625 0.953125 0.76171875 0.953125 0.76171875 0.9671875 0.74765625 0.9671875
2 0.7859375 0.96171875 0.79765625 0.96171875 0.79765625 0.9796875 0.7859375 0.9796875
2 0.77265625 0.64921875 0.7828125 0.64765625 0.79296875 0.70234375 0.7828125 0.7046875
2 0.31875 0.6796875 0.340625 0.6703125 0.34609375 0.6828125 0.32421875 0.6921875
2 0.31484375 0.66875 0.3203125 0.6640625 0.3265625 0.67265625 0.32109375 0.67734375
2 0.31015625 0.65234375 0.3171875 0.65234375 0.3171875 0.6609375 0.31015625 0.6609375
2 0.3125 0.646875 0.3234375 0.63515625 0.35546875 0.665625 0.34453125 0.67734375
2 0.38828125 0.70859375 0.40625 0.70859375 0.40625 0.7171875 0.38828125 0.7171875
2 0.40703125 0.734375 0.415625 0.734375 0.415625 0.75 0.40703125 0.75
2 0.4125 0.734375 0.41640625 0.73046875 0.4296875 0.74296875 0.42578125 0.74765625
2 0.3375 0.72109375 0.34375 0.71328125 0.3671875 0.7328125 0.3609375 0.740625
2 0.1046875 0.6078125 0.1296875 0.61171875 0.128125 0.62421875 0.10234375 0.62109375
2 0.11171875 0.77421875 0.1203125 0.7671875 0.13671875 0.78515625 0.128125 0.79296875
2 0.13125 0.82890625 0.14296875 0.82890625 0.14296875 0.8484375 0.13125 0.8484375
2 0.359375 0.94609375 0.3828125 0.94609375 0.3828125 0.95859375 0.359375 0.95859375
