2 0.84140625 0.015625 0.85234375 0.0125 0.85859375 0.0390625 0.84765625 0.04140625
2 0.75625 0.08125 0.77421875 0.08125 0.77421875 0.10625 0.75625 0.10625
2 0.83359375 0.16640625 0.84375 0.16640625 0.84375 0.18515625 0.83359375 0.18515625
2 0.8109375 0.2109375 0.821875 0.2109375 0.821875 0.24609375 0.8109375 0.24609375
2 0.8859375 0.196875 0.90625 0.19375 0.9125 0.2390625 0.89296875 0.24140625
2 0.73984375 0.3203125 0.753125 0.31640625 0.75859375 0.33828125 0.7453125 0.34140625
2 0.7109375 0.396875 0.7296875 0.396875 0.7296875 0.4484375 0.7109375 0.4484375
2 0.73515625 0.41875 0.7515625 0.41875 0.7515625 0.465625 0.73515625 0.465625
2 0.865625 0.4125 0.878125 0.4125 0.878125 0.4453125 0.865625 0.4453125
2 0.884375 0.5109375 0.896875 0.5109375 0.896875 0.528125 0.884375 0.528125
2 0.90546875 0.44765625 0.915625 0.44921875 0.91015625 0.48828125 0.9 0.48671875
2 0.82265625 0.4265625 0.83125 0.4328125 0.821875 0.446875 0.81328125 0.44140625
2 0.79609375 0.4609375 0.80625 0.4609375 0.80625 0.4734375 0.79609375 0.4734375
2 0.82265625 0.53046875 0.83125 0.53046875 0.83125 0.5546875 0.82265625 0.5546875
2 0.81640625 0.56484375 0.82734375 0.565625 0.82421875 0.5875 0.8140625 0.5859375
2 0.8625 0.57109375 0.8734375 0.57734375 0.8625 0.59609375 0.8515625 0.58984375
2 0.74609375 0.5859375 0.7640625 0.5859375 0.7640625 0.615625 0.74609375 0.615625
2 0.71484375 0.54140625 0.728125 0.54140625 0.728125 0.5734375 0.71484375 0.5734375
2 0.7890625 0.6734375 0.80234375 0.6734375 0.80234375 0.69375 0.7890625 0.69375
2 0.8109375 0.75 0.82578125 0.75 0.82578125 0.7671875 0.8109375 0.7671875
2 0.8453125 0.71875 0.85859375 0.71875 0.85859375 0.73515625 0.8453125 0.73515625
2 0.84296875 0.809375 0.85546875 0.809375 0.85546875 0.8265625 0.84296875 0.8265625
2 0.8890625 0.80546875 0.9015625 0.80546875 0.9015625 0.83828125 0.8890625 0.83828125
2 0.9171875 0.784375 0.92734375 0.784375 0.92734375 0.803125 0.9171875 0.803125
2 0.86640625 0.82734375 0.8765625 0.82734375 0.8765625 0.846875 0.86640625 0.846875
2 0.74609375 0.6921875 0.76328125 0.6921875 0.76328125 0.725 0.74609375 0.725
2 0.7375 0.75390625 0.74921875 0.75390625 0.74921875 0.7703125 0.7375 0.7703125
2 0.721875 0.71875 0.73125 0.71875 0.73125 0.7640625 0.721875 0.7640625
2 0.696875 0.703125 0.71171875 0.703125 0.71171875 0.7203125 0.696875 0.7203125
2 0.703125 0.66953125 0.71171875 0.66953125 0.71171875 0.68828125 0.703125 0.68828125
2 0.684375 0.834375 0.7 0.834375 0.7 0.86328125 0.684375 0.86328125
2 0.76484375 0.9140625 0.775 0.9140625 0.775 0.9484375 0.76484375 0.9484375
2 0.84609375 0.97578125 0.85625 0.9765625 0.8546875 0.99375 0.84453125 0.9921875
2 0.81171875 0.9765625 0.81953125 0.9796875 0.81015625 1.00078125 0.80234375 0.996875
2 0.82265625 0.959375 0.83203125 0.959375 0.83203125 0.971875 0.82265625 0.971875
2 0.90234375 0.3171875 0.9125 0.3140625 0.9234375 0.34765625 0.91328125 0.35078125
2 0.91328125 0.3578125 0.92734375 0.3578125 0.92734375 0.3953125 0.91328125 0.3953125
2 0.86640625 0.3 0.875 0.29609375 0.8859375 0.32109375 0.878125 0.325
2 0.56484375 0.08125 0.57578125 0.07265625 0.59765625 0.09765625 0.5875 0.10703125
2 0.59140625 0.0265625 0.6015625 0.01953125 0.62890625 0.05703125 0.61875 0.06484375
2 0.81484375 0.38671875 0.828125 0.38671875 0.828125 0.40390625 0.81484375 0.40390625
2 0.85703125 0.23359375 0.86640625 0.23984375 0.85625 0.25625 0.84609375 0.25
