2 0.9390625 0.075 0.94453125 0.07109375 0.95703125 0.0875 0.9515625 0.09140625
2 0.96875 0.0984375 0.97421875 0.08984375 1.00078125 0.10703125 0.9953125 0.11484375
2 0.90546875 0.23359375 0.91015625 0.228125 0.93515625 0.2515625 0.93046875 0.25703125
2 0.62265625 0.015625 0.6296875 0.0109375 0.6484375 0.0328125 0.64140625 0.03828125
2 0.7015625 0.0171875 0.7078125 0.009375 0.72890625 0.02578125 0.72265625 0.03359375
2 0.803125 0.01015625 0.81640625 0.01015625 0.81640625 0.01875 0.803125 0.01875
2 0.83046875 0.03125 0.83828125 0.03125 0.83828125 0.0421875 0.83046875 0.0421875
2 0.95390625 0.01328125 0.95859375 0.0078125 0.96796875 0.01640625 0.96328125 0.02109375
2 0.96953125 0.01015625 0.98359375 0.01015625 0.98359375 0.0171875 0.96953125 0.0171875
2 0.94609375 0.0296875 0.95 0.025 0.96328125 0.0390625 0.959375 0.04296875
2 0.81875 0.16484375 0.828125 0.15546875 0.86328125 0.19140625 0.85390625 0.2
2 0.89296875 0.1203125 0.90234375 0.1109375 0.92265625 0.13046875 0.91328125 0.13984375
2 0.7671875 0.02421875 0.775 0.01484375 0.7953125 0.0328125 0.7875 0.0421875
