3 0.971875 0.04375 0.98984375 0.04375 0.98984375 0.053125 0.971875 0.053125
3 0.8828125 0.80546875 0.8921875 0.80546875 0.8921875 0.81328125 0.8828125 0.81328125
3 0.59140625 0.71171875 0.603125 0.71171875 0.603125 0.734375 0.59140625 0.734375
3 0.43046875 0.77109375 0.440625 0.77109375 0.440625 0.7796875 0.43046875 0.7796875
3 0.48125 0.94375 0.4875 0.94375 0.4875 0.95 0.48125 0.95
3 0.05234375 0.6640625 0.05703125 0.6640625 0.05703125 0.66796875 0.05234375 0.66796875
3 0.071875 0.63984375 0.07578125 0.63984375 0.07578125 0.64375 0.071875 0.64375
3 0.25078125 0.609375 0.26015625 0.609375 0.26015625 0.6140625 0.25078125 0.6140625
3 0.4109375 0.88671875 0.41484375 0.88671875 0.41484375 0.89296875 0.4109375 0.89296875
3 0.23046875 0.0953125 0.23671875 0.0953125 0.23671875 0.10390625 0.23046875 0.10390625
