3 0.2265625 0.0625 0.23359375 0.0625 0.23359375 0.06875 0.2265625 0.06875
1 -0.0046875 0.3796875 0.0046875 0.3671875 0.0296875 0.38828125 0.01953125 0.40078125
1 0.275 0.3453125 0.28359375 0.33515625 0.30546875 0.3546875 0.296875 0.3640625
1 0.78125 0.4640625 0.80078125 0.4640625 0.80078125 0.47578125 0.78125 0.47578125
1 0.9015625 0.446875 0.915625 0.45078125 0.91328125 0.459375 0.89921875 0.45546875
1 0.3796875 0.03203125 0.3828125 0.0234375 0.4171875 0.0359375 0.41484375 0.04453125
1 0.1578125 0.2609375 0.1671875 0.25390625 0.1875 0.28125 0.178125 0.28828125
1 0.1234375 0.28828125 0.13203125 0.27265625 0.18046875 0.29921875 0.171875 0.315625
1 0.16640625 0.3234375 0.20703125 0.3375 0.2046875 0.34375 0.1640625 0.3296875
1 0.2 0.31171875 0.203125 0.30546875 0.2359375 0.325 0.23203125 0.33125
1 0.8234375 0.16953125 0.82890625 0.1609375 0.878125 0.19140625 0.87265625 0.2
1 0.1921875 0.6046875 0.22109375 0.6140625 0.21875 0.62265625 0.18984375 0.61328125
1 0.29296875 0.78359375 0.30234375 0.78359375 0.30234375 0.8 0.29296875 0.8
1 0.31171875 0.9328125 0.32890625 0.9328125 0.32890625 0.95078125 0.31171875 0.95078125
1 0.5921875 0.9609375 0.6015625 0.9515625 0.61953125 0.9703125 0.61015625 0.9796875
1 0.69921875 0.8078125 0.71640625 0.8078125 0.71640625 0.815625 0.69921875 0.815625
1 0.578125 0.8203125 0.59296875 0.81328125 0.596875 0.8203125 0.58203125 0.828125
1 0.4546875 0.6953125 0.49296875 0.7 0.49140625 0.7125 0.45234375 0.7078125
1 0.31015625 0.15546875 0.31796875 0.14609375 0.3546875 0.1765625 0.346875 0.1859375
1 0.57578125 0.328125 0.6078125 0.328125 0.6078125 0.33828125 0.57578125 0.33828125
1 0.3875 0.28125 0.40390625 0.28125 0.40390625 0.2890625 0.3875 0.2890625
1 0.3484375 0.296875 0.3703125 0.296875 0.3703125 0.3171875 0.3484375 0.3171875
1 0.3734375 0.34140625 0.3921875 0.3453125 0.38984375 0.35625 0.37109375 0.3515625
1 0.37578125 0.39453125 0.40546875 0.4046875 0.40234375 0.41328125 0.3734375 0.40234375
1 0.4296875 0.428125 0.46484375 0.44296875 0.46171875 0.44921875 0.42734375 0.434375
1 0.44765625 0.2671875 0.48203125 0.2796875 0.47890625 0.28828125 0.44453125 0.275
1 0.69296875 0.484375 0.70546875 0.484375 0.70546875 0.49609375 0.69296875 0.49609375
1 0.51796875 0.4625 0.54765625 0.4765625 0.54375 0.48515625 0.5140625 0.471875
1 0.5546875 0.49609375 0.6109375 0.52109375 0.60703125 0.52890625 0.5515625 0.50390625
1 0.7484375 0.49609375 0.7828125 0.49921875 0.78203125 0.5078125 0.74765625 0.5046875
1 0.76484375 0.50625 0.803125 0.51015625 0.80234375 0.51953125 0.7640625 0.515625
1 0.71796875 0.571875 0.74296875 0.571875 0.74296875 0.5796875 0.71796875 0.5796875
1 0.74140625 0.5609375 0.775 0.5609375 0.775 0.5671875 0.74140625 0.5671875
1 0.81640625 0.55703125 0.83515625 0.55703125 0.83515625 0.56640625 0.81640625 0.56640625
1 0.496875 0.4859375 0.53125 0.49453125 0.528125 0.50625 0.49375 0.4984375
1 0.92578125 0.8484375 0.93359375 0.8484375 0.93359375 0.86796875 0.92578125 0.86796875
1 0.9 0.88046875 0.91484375 0.88046875 0.91484375 0.9015625 0.9 0.9015625
1 0.6578125 0.36875 0.6640625 0.3609375 0.69453125 0.384375 0.68828125 0.3921875
1 0.9265625 0.5375 0.934375 0.5375 0.934375 0.54296875 0.9265625 0.54296875
3 0.878125 0.5234375 0.8828125 0.5234375 0.8828125 0.528125 0.878125 0.528125
3 0.87265625 0.5078125 0.87890625 0.5078125 0.87890625 0.51328125 0.87265625 0.51328125
3 0.86796875 0.49609375 0.871875 0.49609375 0.871875 0.5 0.86796875 0.5
3 0.8703125 0.4890625 0.87421875 0.4890625 0.87421875 0.49375 0.8703125 0.49375
3 0.87421875 0.490625 0.87734375 0.490625 0.87734375 0.4953125 0.87421875 0.4953125
3 0.8875 0.496875 0.89140625 0.496875 0.89140625 0.49921875 0.8875 0.49921875
3 0.88515625 0.50078125 0.88828125 0.50078125 0.88828125 0.5046875 0.88515625 0.5046875
3 0.87734375 0.49375 0.88125 0.49375 0.88125 0.49921875 0.87734375 0.49921875
3 0.89296875 0.496875 0.896875 0.496875 0.896875 0.50078125 0.89296875 0.50078125
3 0.89375 0.49140625 0.89609375 0.49375 0.8921875 0.49765625 0.88984375 0.4953125
1 0.59296875 0.53359375 0.54609375 0.51171875 0.55 0.50390625 0.59609375 0.52578125
1 0.94375 0.4140625 0.95 0.40859375 0.978125 0.44140625 0.97109375 0.44765625
1 0.47421875 0.57421875 0.4859375 0.56953125 0.49765625 0.59609375 0.48671875 0.6015625
1 0.4671875 0.7359375 0.4921875 0.7359375 0.4921875 0.7453125 0.4671875 0.7453125
1 0.51015625 0.68984375 0.525 0.68984375 0.525 0.709375 0.51015625 0.709375
1 0.61875 0.775 0.6390625 0.78046875 0.63828125 0.78515625 0.6171875 0.78046875
1 0.96875 0.24375 0.978125 0.23515625 0.99765625 0.25625 0.98828125 0.26484375
1 0.02265625 0.3 0.0515625 0.3 0.0515625 0.31171875 0.02265625 0.31171875
1 0.2078125 0.07734375 0.21484375 0.06953125 0.23203125 0.08671875 0.225 0.09375
1 0.15078125 0.00625 0.1625 0.00625 0.1625 0.0125 0.15078125 0.0125
