2 0.609375 0.31953125 0.64140625 0.33359375 0.63359375 0.3515625 0.6015625 0.3375
2 0.446875 0.396875 0.471875 0.396875 0.471875 0.415625 0.446875 0.415625
2 0.615625 0.04453125 0.62265625 0.05234375 0.60234375 0.07109375 0.5953125 0.06328125
2 0.4515625 0.35703125 0.48125 0.35703125 0.48125 0.36953125 0.4515625 0.36953125
2 0.63828125 0.92265625 0.64765625 0.92265625 0.64765625 0.94296875 0.63828125 0.94296875
2 0.97890625 0.70234375 0.99375 0.70234375 0.99375 0.7109375 0.97890625 0.7109375
2 0.5796875 0.828125 0.58984375 0.8375 0.57578125 0.8515625 0.56640625 0.8421875
2 0.53046875 0.47578125 0.5375 0.47578125 0.5375 0.48671875 0.53046875 0.48671875
2 0.2171875 0.18671875 0.2234375 0.19609375 0.2015625 0.2109375 0.1953125 0.2015625
2 0.29921875 0.703125 0.30625 0.69453125 0.31875 0.70625 0.31171875 0.7140625
2 0.01328125 0.6734375 0.0296875 0.6734375 0.0296875 0.68515625 0.01328125 0.68515625
3 0.7953125 0.9421875 0.809375 0.95703125 0.796875 0.96875 0.7828125 0.95390625
