0 0.2109375 0.60234375 0.23125 0.60234375 0.23125 0.60859375 0.2109375 0.60859375
3 0.671875 0.55703125 0.69375 0.55703125 0.69375 0.590625 0.671875 0.590625
3 0.2 0.0046875 0.20546875 0.0046875 0.20546875 0.01015625 0.2 0.01015625
0 0.78984375 0.1640625 0.7953125 0.165625 0.7890625 0.190625 0.78359375 0.1890625
0 0.8515625 0.04609375 0.859375 0.04609375 0.859375 0.0671875 0.8515625 0.0671875
0 0.36796875 0.30234375 0.3890625 0.31015625 0.38671875 0.3171875 0.36484375 0.309375
0 0.87265625 0.07265625 0.88828125 0.0765625 0.8734375 0.13984375 0.8578125 0.13671875
0 0.05546875 0.3375 0.07734375 0.346875 0.071875 0.359375 0.05 0.34921875
0 0.86640625 0.49140625 0.8796875 0.49140625 0.8796875 0.509375 0.86640625 0.509375
0 0.790625 0.06171875 0.796875 0.065625 0.77734375 0.0953125 0.771875 0.090625
0 0.79375 0.1765625 0.80078125 0.178125 0.7953125 0.19765625 0.7890625 0.19609375
0 0.74296875 0.215625 0.74765625 0.2125 0.75703125 0.22890625 0.75234375 0.23203125
0 0.74921875 0.075 0.7578125 0.075 0.7578125 0.09609375 0.74921875 0.09609375
3 0.7953125 0.803125 0.8 0.803125 0.8 0.81171875 0.7953125 0.81171875
0 0.928125 0.815625 0.93515625 0.8203125 0.921875 0.83828125 0.915625 0.83359375
