0 0.87578125 0.30078125 0.88359375 0.30625 0.88203125 0.30859375 0.87421875 0.303125
0 0.88125 0.3140625 0.8875 0.3109375 0.8890625 0.31328125 0.8828125 0.3171875
0 0.865625 0.31015625 0.87421875 0.31015625 0.87421875 0.31484375 0.865625 0.31484375
0 0.86875 0.3046875 0.87265625 0.3046875 0.87265625 0.3078125 0.86875 0.3078125
3 0.59296875 0.80546875 0.59765625 0.80546875 0.59765625 0.80859375 0.59296875 0.80859375
0 0.29921875 0.35234375 0.33125 0.359375 0.3296875 0.36640625 0.29765625 0.359375
0 0.33359375 0.35859375 0.35546875 0.35859375 0.35546875 0.3671875 0.33359375 0.3671875
0 0.49375 0.403125 0.52578125 0.39921875 0.5265625 0.4046875 0.49453125 0.40859375
0 0.5421875 0.41015625 0.5640625 0.4078125 0.56484375 0.4140625 0.54296875 0.4171875
0 0.5484375 0.4 0.57421875 0.4015625 0.5734375 0.4078125 0.5484375 0.40625
0 0.5765625 0.41171875 0.59921875 0.41171875 0.59921875 0.41796875 0.5765625 0.41796875
0 0.30078125 0.30703125 0.32109375 0.31171875 0.31875 0.3203125 0.29921875 0.315625
0 0.18828125 0.06875 0.20703125 0.0765625 0.203125 0.084375 0.18515625 0.0765625
0 0.2515625 0.078125 0.26875 0.09375 0.2640625 0.09921875 0.24609375 0.08359375
0 0.26328125 0.15546875 0.27421875 0.1671875 0.27109375 0.17109375 0.259375 0.15859375
0 0.3515625 0.18828125 0.36328125 0.18515625 0.36484375 0.1890625 0.35234375 0.1921875
0 0.30703125 0.21484375 0.31796875 0.20859375 0.32109375 0.21328125 0.31015625 0.21953125
0 0.096875 0.0890625 0.1140625 0.0890625 0.1140625 0.0984375 0.096875 0.0984375
0 0.0765625 0.05078125 0.0875 0.05078125 0.0875 0.06171875 0.0765625 0.06171875
0 0.28125 0.24375 0.29375 0.24375 0.29375 0.25 0.28125 0.25
0 0.3265625 0.17890625 0.3375 0.17890625 0.3375 0.1859375 0.3265625 0.1859375
0 0.45078125 0.2 0.459375 0.2 0.459375 0.2046875 0.45078125 0.2046875
0 0.46171875 0.196875 0.4671875 0.196875 0.4671875 0.20234375 0.46171875 0.20234375
0 0.46796875 0.2015625 0.478125 0.2015625 0.478125 0.20625 0.46796875 0.20625
0 0.4859375 0.184375 0.50703125 0.19375 0.50390625 0.19921875 0.48359375 0.18984375
0 0.4015625 0.3390625 0.4171875 0.33515625 0.41875 0.33984375 0.40234375 0.34296875
0 0.5640625 0.33984375 0.58203125 0.33984375 0.58203125 0.3515625 0.5640625 0.3515625
0 0.33984375 0.3671875 0.35546875 0.38046875 0.35234375 0.384375 0.33671875 0.37109375
0 0.41171875 0.190625 0.41796875 0.190625 0.41796875 0.19375 0.41171875 0.19375
0 0.63984375 0.21953125 0.66796875 0.23046875 0.66640625 0.234375 0.6390625 0.22265625
0 0.5921875 0.43046875 0.5953125 0.428125 0.59921875 0.43359375 0.59609375 0.4359375
0 0.5828125 0.4390625 0.62421875 0.4390625 0.62421875 0.44296875 0.5828125 0.44296875
0 0.628125 0.42109375 0.65390625 0.42109375 0.65390625 0.43046875 0.628125 0.43046875
0 0.6453125 0.38984375 0.6609375 0.38984375 0.6609375 0.39921875 0.6453125 0.39921875
0 0.6703125 0.39453125 0.68046875 0.39453125 0.68046875 0.40234375 0.6703125 0.40234375
0 0.71875 0.37421875 0.73984375 0.371875 0.73984375 0.3765625 0.71953125 0.37890625
0 0.734375 0.38515625 0.7578125 0.38515625 0.7578125 0.3921875 0.734375 0.3921875
0 0.75 0.3296875 0.76875 0.3375 0.7671875 0.34140625 0.7484375 0.33359375
0 0.68828125 0.33984375 0.709375 0.33984375 0.709375 0.3453125 0.68828125 0.3453125
0 0.81015625 0.259375 0.8390625 0.259375 0.8390625 0.26640625 0.81015625 0.26640625
0 0.7734375 0.3515625 0.78203125 0.3515625 0.78203125 0.35703125 0.7734375 0.35703125
0 0.81171875 0.44921875 0.8265625 0.44921875 0.8265625 0.45703125 0.81171875 0.45703125
0 0.8640625 0.425 0.89375 0.425 0.89375 0.4359375 0.8640625 0.4359375
0 0.9296875 0.3046875 0.93515625 0.3046875 0.93515625 0.3171875 0.9296875 0.3171875
0 0.9203125 0.30859375 0.93125 0.31328125 0.9296875 0.3171875 0.91875 0.3125
0 0.92890625 0.2984375 0.94765625 0.2984375 0.94765625 0.30546875 0.92890625 0.30546875
0 0.88828125 0.3046875 0.903125 0.3046875 0.903125 0.31640625 0.88828125 0.31640625
0 0.953125 0.31953125 0.9671875 0.328125 0.96484375 0.33203125 0.95078125 0.3234375
0 0.9328125 0.4359375 0.9453125 0.44453125 0.9421875 0.44921875 0.9296875 0.43984375
