2 0.1921875 0.73828125 0.19765625 0.73125 0.2125 0.74140625 0.2078125 0.7484375
2 0.46640625 0.946875 0.4765625 0.93203125 0.50703125 0.95390625 0.496875 0.96796875
2 0.30390625 0.89375 0.309375 0.8859375 0.32890625 0.90078125 0.3234375 0.90859375
2 0.48125 0.88671875 0.51640625 0.88671875 0.51640625 0.90859375 0.48125 0.90859375
2 0.54921875 0.9109375 0.56171875 0.90234375 0.57890625 0.9265625 0.56640625 0.93515625
2 0.515625 0.878125 0.5328125 0.878125 0.5328125 0.89765625 0.515625 0.89765625
2 0.39609375 0.88359375 0.4140625 0.88359375 0.4140625 0.9015625 0.39609375 0.9015625
2 0.08203125 0.51640625 0.0890625 0.50703125 0.11640625 0.5296875 0.10859375 0.5390625
2 0.075 0.54921875 0.08671875 0.54921875 0.08671875 0.55859375 0.075 0.55859375
2 0.21640625 0.63203125 0.22890625 0.63203125 0.22890625 0.6421875 0.21640625 0.6421875
2 0.071875 0.675 0.07734375 0.665625 0.1015625 0.68046875 0.096875 0.6890625
2 0.36640625 0.725 0.375 0.71484375 0.39609375 0.7328125 0.3875 0.7421875
2 0.26484375 0.7203125 0.2796875 0.7203125 0.2796875 0.73671875 0.26484375 0.73671875
2 0.1609375 0.5671875 0.175 0.5671875 0.175 0.58046875 0.1609375 0.58046875
2 0.5953125 0.91484375 0.603125 0.9078125 0.63125 0.9390625 0.62265625 0.94609375
2 0.5125 0.81640625 0.52265625 0.8046875 0.58203125 0.85859375 0.571875 0.86953125
2 0.2515625 0.6046875 0.259375 0.5953125 0.29140625 0.621875 0.2828125 0.63125
2 0.1484375 0.5140625 0.14296875 0.52109375 0.10859375 0.4953125 0.11484375 0.4875
2 0.0171875 0.5359375 0.034375 0.5359375 0.034375 0.56640625 0.0171875 0.56640625
2 0.04453125 0.478125 0.0515625 0.46875 0.08046875 0.48984375 0.07421875 0.49921875
2 0.0671875 0.4625 0.07578125 0.453125 0.109375 0.484375 0.1 0.49375
