3 0.303125 0.54921875 0.30859375 0.54921875 0.30859375 0.553125 0.303125 0.553125
3 0.62109375 0.3671875 0.62578125 0.3671875 0.62578125 0.37109375 0.62109375 0.37109375
3 0.61875 0.34375 0.62265625 0.34375 0.62265625 0.3484375 0.61875 0.3484375
3 0.9765625 0.4515625 0.97890625 0.4515625 0.97890625 0.4546875 0.9765625 0.4546875
3 0.84609375 0.7734375 0.85 0.7734375 0.85 0.77734375 0.84609375 0.77734375
0 0.67109375 0.95859375 0.6875 0.95390625 0.68828125 0.9578125 0.67265625 0.9625
0 0.62890625 0.92109375 0.6375 0.91640625 0.63984375 0.9203125 0.63125 0.92421875
0 0.55703125 0.803125 0.56015625 0.8015625 0.56640625 0.81328125 0.56328125 0.81484375
0 0.553125 0.80859375 0.55625 0.8078125 0.559375 0.81640625 0.55703125 0.81796875
0 0.56875 0.8125 0.57109375 0.81015625 0.57734375 0.81875 0.575 0.8203125
0 0.56796875 0.76640625 0.60078125 0.778125 0.59921875 0.78203125 0.56640625 0.7703125
0 0.61484375 0.78671875 0.625 0.78671875 0.625 0.7921875 0.61484375 0.7921875
0 0.6515625 0.834375 0.67734375 0.8453125 0.67578125 0.8484375 0.65 0.8375
0 0.671875 0.79609375 0.68984375 0.80078125 0.6890625 0.80390625 0.67109375 0.79921875
0 0.703125 0.79453125 0.71484375 0.79453125 0.71484375 0.80625 0.703125 0.80625
0 0.6328125 0.73125 0.6515625 0.73125 0.6515625 0.73671875 0.6328125 0.73671875
0 0.8203125 0.73984375 0.84296875 0.75234375 0.83984375 0.7578125 0.8171875 0.7453125
0 0.94609375 0.79296875 0.9546875 0.79765625 0.9515625 0.80390625 0.94296875 0.7984375
0 0.9328125 0.78125 0.93515625 0.78359375 0.92734375 0.78984375 0.925 0.7875
0 0.9359375 0.775 0.940625 0.775 0.940625 0.78203125 0.9359375 0.78203125
0 0.9515625 0.77890625 0.95390625 0.78125 0.94921875 0.78671875 0.94609375 0.784375
0 0.965625 0.78203125 0.9734375 0.78203125 0.9734375 0.7859375 0.965625 0.7859375
0 0.975 0.78125 0.9828125 0.77890625 0.98359375 0.78203125 0.97578125 0.78359375
0 0.9 0.88203125 0.903125 0.884375 0.9 0.88984375 0.896875 0.88828125
0 0.88359375 0.89765625 0.89921875 0.890625 0.90078125 0.89375 0.88515625 0.90078125
0 0.33046875 0.8453125 0.34375 0.8453125 0.34375 0.85 0.33046875 0.85
0 0.21875 0.86953125 0.23671875 0.86953125 0.23671875 0.875 0.21875 0.875
0 0.528125 0.78125 0.53359375 0.78125 0.53359375 0.7890625 0.528125 0.7890625
0 0.5359375 0.78203125 0.54140625 0.78203125 0.54140625 0.78984375 0.5359375 0.78984375
0 0.98359375 0.47109375 1.0 0.47109375 1.0 0.48046875 0.98359375 0.48046875
3 0.04921875 0.28359375 0.05546875 0.28359375 0.05546875 0.2875 0.04921875 0.2875
0 0.15 0.871875 0.15859375 0.871875 0.15859375 0.890625 0.15 0.890625
0 0.00390625 0.6484375 0.0109375 0.64609375 0.01875 0.6625 0.01171875 0.665625
0 0.0546875 0.66171875 0.0703125 0.67578125 0.06484375 0.68203125 0.04921875 0.66796875
0 0.18984375 0.925 0.2 0.925 0.2 0.9375 0.18984375 0.9375
0 0.1015625 0.69453125 0.13671875 0.71796875 0.13046875 0.7265625 0.0953125 0.703125
0 0.175 0.5625 0.1921875 0.5859375 0.1859375 0.590625 0.16875 0.5671875
0 0.1890625 0.48125 0.2015625 0.50390625 0.19609375 0.50703125 0.18359375 0.484375
0 0.29765625 0.47734375 0.31328125 0.47734375 0.31328125 0.4875 0.29765625 0.4875
0 0.33828125 0.5515625 0.34921875 0.5515625 0.34921875 0.565625 0.33828125 0.565625
0 0.35078125 0.5578125 0.3765625 0.5578125 0.3765625 0.56640625 0.35078125 0.56640625
0 0.38671875 0.5953125 0.39765625 0.5953125 0.39765625 0.60625 0.38671875 0.60625
0 0.3984375 0.6046875 0.4125 0.6046875 0.4125 0.6140625 0.3984375 0.6140625
3 0.2578125 0.45625 0.2609375 0.45625 0.2609375 0.459375 0.2578125 0.459375
0 0.03984375 0.76484375 0.0578125 0.77890625 0.053125 0.7859375 0.03515625 0.77109375
0 0.04140625 0.62578125 0.0515625 0.62578125 0.0515625 0.64140625 0.04140625 0.64140625
0 0.296875 0.68203125 0.3078125 0.684375 0.30234375 0.7078125 0.29140625 0.7046875
0 0.27734375 0.7453125 0.28515625 0.7453125 0.28515625 0.759375 0.27734375 0.759375
0 0.35703125 0.73671875 0.3640625 0.73671875 0.3640625 0.7421875 0.35703125 0.7421875
0 0.46171875 0.80234375 0.47734375 0.8109375 0.47421875 0.81640625 0.45859375 0.8078125
0 0.46875 0.796875 0.48515625 0.8015625 0.48359375 0.80625 0.4671875 0.8015625
0 0.5109375 0.778125 0.521875 0.7828125 0.5203125 0.78671875 0.509375 0.7828125
0 0.4421875 0.84609375 0.44609375 0.84375 0.46796875 0.878125 0.4640625 0.88046875
0 0.53203125 0.8515625 0.53828125 0.8515625 0.53828125 0.86484375 0.53203125 0.86484375
0 0.46953125 0.9359375 0.475 0.9328125 0.48046875 0.9421875 0.475 0.9453125
0 0.475 0.94609375 0.4875 0.94375 0.48828125 0.95 0.47578125 0.95234375
0 0.52421875 0.97265625 0.54921875 0.97265625 0.54921875 0.97890625 0.52421875 0.97890625
