2 0.2890625 0.715625 0.30625 0.728125 0.3 0.73671875 0.2828125 0.72421875
2 0.5515625 0.92578125 0.559375 0.9140625 0.6015625 0.94453125 0.59375 0.95546875
2 0.45390625 0.878125 0.48046875 0.878125 0.48046875 0.89609375 0.45390625 0.89609375
2 0.203125 0.83359375 0.22109375 0.83359375 0.22109375 0.85390625 0.203125 0.85390625
2 0.48828125 0.840625 0.47890625 0.85078125 0.453125 0.82890625 0.46171875 0.81796875
2 0.2484375 0.71640625 0.26953125 0.71640625 0.26953125 0.734375 0.2484375 0.734375
2 0.16796875 0.71796875 0.18203125 0.71796875 0.18203125 0.73984375 0.16796875 0.73984375
2 0.17578125 0.74921875 0.190625 0.74921875 0.190625 0.7609375 0.17578125 0.7609375
2 0.18671875 0.690625 0.19765625 0.68203125 0.2171875 0.7078125 0.20625 0.715625
2 0.12890625 0.5921875 0.14375 0.5796875 0.16953125 0.60859375 0.1546875 0.621875
2 0.18125 0.5796875 0.18984375 0.56875 0.2171875 0.59140625 0.20859375 0.6015625
2 0.0421875 0.62421875 0.053125 0.6140625 0.07890625 0.640625 0.06796875 0.65078125
2 0.040625 0.525 0.05 0.5109375 0.08203125 0.53203125 0.071875 0.546875
2 0.28515625 0.8921875 0.29609375 0.88125 0.31796875 0.90234375 0.3078125 0.9140625
2 0.14609375 0.54140625 0.1578125 0.5328125 0.17578125 0.5578125 0.1640625 0.56640625
