1 0.3625 0.965625 0.38046875 0.965625 0.38046875 0.9765625 0.3625 0.9765625
1 0.4359375 0.96171875 0.46015625 0.9546875 0.4640625 0.96875 0.43984375 0.97578125
1 0.43984375 0.9484375 0.46015625 0.93046875 0.4671875 0.9390625 0.446875 0.95703125
1 0.515625 0.9171875 0.55546875 0.88671875 0.56484375 0.89921875 0.52421875 0.92890625
1 0.9140625 0.9390625 0.934375 0.9390625 0.934375 0.9578125 0.9140625 0.9578125
1 0.89296875 0.959375 0.909375 0.959375 0.909375 0.9953125 0.89296875 0.9953125
1 0.9796875 0.9578125 0.9984375 0.9578125 0.9984375 0.984375 0.9796875 0.984375
1 0.94609375 0.88671875 0.96796875 0.88671875 0.96796875 0.89609375 0.94609375 0.89609375
1 0.85625 0.94140625 0.86953125 0.92578125 0.875 0.93046875 0.86171875 0.94609375
1 0.01328125 0.49140625 0.03046875 0.49140625 0.03046875 0.50859375 0.01328125 0.50859375
1 0.209375 0.73203125 0.2296875 0.73203125 0.2296875 0.74453125 0.209375 0.74453125
1 0.22265625 0.7203125 0.2421875 0.7203125 0.2421875 0.73203125 0.22265625 0.73203125
1 0.25 0.71171875 0.26875 0.7 0.27421875 0.70859375 0.2546875 0.7203125
1 0.2921875 0.6578125 0.315625 0.6578125 0.315625 0.66796875 0.2921875 0.66796875
1 0.284375 0.7140625 0.33046875 0.69296875 0.33671875 0.7078125 0.290625 0.72890625
1 0.49765625 0.62734375 0.51875 0.61640625 0.5234375 0.62578125 0.50234375 0.6359375
1 0.68828125 0.52734375 0.72421875 0.50625 0.73125 0.51875 0.6953125 0.5390625
1 0.7796875 0.48203125 0.80078125 0.475 0.803125 0.4828125 0.78203125 0.4890625
1 0.73125 0.43828125 0.7484375 0.43671875 0.74921875 0.44453125 0.73203125 0.446875
1 0.821875 0.4734375 0.8453125 0.453125 0.8484375 0.45703125 0.825 0.4765625
1 0.95703125 0.371875 0.97890625 0.371875 0.97890625 0.40078125 0.95703125 0.40078125
1 0.8796875 0.4234375 0.9203125 0.41328125 0.9234375 0.42734375 0.88359375 0.4375
1 0.7765625 0.40625 0.79453125 0.39453125 0.80078125 0.40390625 0.7828125 0.415625
1 0.84375 0.68046875 0.87109375 0.63984375 0.8796875 0.64609375 0.85234375 0.68671875
1 0.83671875 0.6640625 0.84296875 0.66796875 0.83515625 0.68203125 0.828125 0.678125
1 0.79375 0.728125 0.8046875 0.73359375 0.79453125 0.75546875 0.78359375 0.75078125
1 0.73046875 0.78828125 0.7453125 0.78828125 0.7453125 0.8015625 0.73046875 0.8015625
1 0.71953125 0.80859375 0.7234375 0.81328125 0.7109375 0.82421875 0.70703125 0.81953125
1 0.60234375 0.790625 0.6375 0.76875 0.6453125 0.78125 0.61015625 0.803125
1 0.78828125 0.6765625 0.828125 0.6421875 0.8390625 0.6546875 0.79921875 0.68984375
1 0.840625 0.63984375 0.89375 0.59296875 0.903125 0.60390625 0.85 0.65078125
1 0.94609375 0.57578125 0.978125 0.559375 0.984375 0.57109375 0.9515625 0.5875
1 0.47421875 0.58984375 0.4859375 0.58984375 0.4859375 0.59609375 0.47421875 0.59609375
1 0.2109375 0.6875 0.21875 0.6875 0.21875 0.696875 0.2109375 0.696875
1 0.6765625 0.12265625 0.69453125 0.12265625 0.69453125 0.1515625 0.6765625 0.1515625
1 0.975 0.3453125 0.99765625 0.340625 0.99921875 0.34765625 0.9765625 0.35234375
3 0.125 0.40859375 0.13671875 0.40859375 0.13671875 0.41953125 0.125 0.41953125
3 0.6234375 0.9140625 0.634375 0.9140625 0.634375 0.92109375 0.6234375 0.92109375
3 0.7578125 0.3578125 0.7703125 0.3578125 0.7703125 0.36796875 0.7578125 0.36796875
3 0.26875 0.54453125 0.2734375 0.54453125 0.2734375 0.55078125 0.26875 0.55078125
3 0.41953125 0.5796875 0.425 0.5796875 0.425 0.584375 0.41953125 0.584375
3 0.4171875 0.63828125 0.42265625 0.63828125 0.42265625 0.64296875 0.4171875 0.64296875
