0 0.6421875 0.0421875 0.6671875 0.02265625 0.6734375 0.03125 0.6484375 0.05
0 0.00234375 0.459375 0.0421875 0.43515625 0.04453125 0.43984375 0.00546875 0.46328125
0 0.02578125 0.24140625 0.02734375 0.24296875 0.01796875 0.2515625 0.01640625 0.25
0 0.1546875 0.375 0.203125 0.36171875 0.2046875 0.36953125 0.15703125 0.3828125
0 0.21875 0.35546875 0.2609375 0.33125 0.265625 0.3390625 0.2234375 0.36328125
0 0.3171875 0.3328125 0.37734375 0.290625 0.38125 0.29609375 0.32109375 0.33828125
0 0.23828125 0.31015625 0.27734375 0.28515625 0.2796875 0.2890625 0.24140625 0.3140625
0 0.33046875 0.2703125 0.35078125 0.25625 0.35546875 0.26328125 0.33515625 0.27734375
0 0.35234375 0.2578125 0.3984375 0.2234375 0.403125 0.2296875 0.35703125 0.2640625
0 0.24609375 0.21953125 0.25546875 0.22421875 0.24609375 0.24375 0.23671875 0.23984375
0 0.22578125 0.20234375 0.25234375 0.17890625 0.25703125 0.18359375 0.23046875 0.2078125
0 0.2796875 0.08984375 0.28671875 0.09375 0.2796875 0.10703125 0.271875 0.103125
0 0.228125 0.10546875 0.23984375 0.10546875 0.23984375 0.1140625 0.228125 0.1140625
0 0.13828125 0.17578125 0.15234375 0.17578125 0.15234375 0.18046875 0.13828125 0.18046875
0 0.13671875 0.18125 0.15234375 0.18125 0.15234375 0.18671875 0.13671875 0.18671875
0 0.14296875 0.12890625 0.1515625 0.12890625 0.1515625 0.1421875 0.14296875 0.1421875
0 0.49375 0.14375 0.50703125 0.14375 0.50703125 0.15078125 0.49375 0.15078125
0 0.253125 0.03203125 0.27421875 0.02265625 0.278125 0.03203125 0.25703125 0.04140625
0 0.29453125 0.04921875 0.3046875 0.04921875 0.3046875 0.059375 0.29453125 0.059375
0 0.59609375 0.06640625 0.603125 0.0703125 0.59375 0.08671875 0.58671875 0.0828125
0 0.69296875 0.0546875 0.71171875 0.04140625 0.71484375 0.04609375 0.69609375 0.059375
0 0.2671875 0.21796875 0.26953125 0.2203125 0.26328125 0.22890625 0.2609375 0.2265625
0 0.27265625 0.24296875 0.2765625 0.24609375 0.2609375 0.265625 0.25703125 0.2625
3 0.56171875 0.3015625 0.56953125 0.3015625 0.56953125 0.309375 0.56171875 0.309375
3 0.02265625 0.01328125 0.028125 0.01328125 0.028125 0.01875 0.02265625 0.01875
3 0.3125 0.11015625 0.3171875 0.11015625 0.3171875 0.115625 0.3125 0.115625
