0 0.046875 0.5546875 0.0546875 0.55 0.05703125 0.55390625 0.04921875 0.5578125
3 0.3484375 0.4234375 0.35859375 0.4234375 0.35859375 0.43046875 0.3484375 0.43046875
3 0.32578125 0.4890625 0.33125 0.4890625 0.33125 0.49375 0.32578125 0.49375
3 0.06796875 0.2140625 0.07265625 0.2140625 0.07265625 0.21875 0.06796875 0.21875
3 0.084375 0.15625 0.0875 0.15625 0.0875 0.16015625 0.084375 0.16015625
3 0.0375 0.15390625 0.04296875 0.15390625 0.04296875 0.159375 0.0375 0.159375
0 0.0828125 0.47578125 0.0875 0.47265625 0.09921875 0.49140625 0.09453125 0.49453125
0 0.08515625 0.490625 0.08828125 0.48828125 0.09921875 0.5046875 0.09609375 0.50625
0 0.0546875 0.53125 0.06015625 0.53125 0.06015625 0.53671875 0.0546875 0.53671875
0 0.09609375 0.553125 0.0984375 0.55625 0.09140625 0.5609375 0.0890625 0.5578125
0 0.08515625 0.53671875 0.0921875 0.53671875 0.0921875 0.540625 0.08515625 0.540625
0 0.11171875 0.86875 0.121875 0.86875 0.121875 0.87421875 0.11171875 0.87421875
0 0.1484375 0.90234375 0.1546875 0.90234375 0.1546875 0.909375 0.1484375 0.909375
3 0.53125 0.61015625 0.53671875 0.61015625 0.53671875 0.61328125 0.53125 0.61328125
0 0.7140625 0.61953125 0.72109375 0.61953125 0.72109375 0.6234375 0.7140625 0.6234375
0 0.7484375 0.62890625 0.77578125 0.65390625 0.76875 0.6609375 0.7421875 0.6359375
3 0.678125 0.69140625 0.68359375 0.69140625 0.68359375 0.696875 0.678125 0.696875
0 0.88125 0.965625 0.8890625 0.9609375 0.8921875 0.965625 0.884375 0.9703125
3 0.8859375 0.9734375 0.8890625 0.9734375 0.8890625 0.97734375 0.8859375 0.97734375
