0 0.73046875 0.1359375 0.746875 0.1359375 0.746875 0.153125 0.73046875 0.153125
0 0.6640625 0.58671875 0.6828125 0.5734375 0.6875 0.57890625 0.66875 0.59296875
3 0.6875 0.71953125 0.69375 0.71953125 0.69375 0.7265625 0.6875 0.7265625
0 0.88984375 0.1203125 0.9234375 0.128125 0.92109375 0.13671875 0.88828125 0.12890625
0 0.26328125 0.2296875 0.29296875 0.2296875 0.29296875 0.2375 0.26328125 0.2375
0 0.625 0.37265625 0.6453125 0.3609375 0.65 0.36875 0.6296875 0.38046875
3 0.95390625 0.83671875 0.96484375 0.83671875 0.96484375 0.840625 0.95390625 0.840625
0 0.9453125 0.09921875 0.96015625 0.09921875 0.96015625 0.1046875 0.9453125 0.1046875
3 0.63046875 0.715625 0.63671875 0.715625 0.63671875 0.7203125 0.63046875 0.7203125
3 0.61640625 0.696875 0.62109375 0.696875 0.62109375 0.703125 0.61640625 0.703125
3 0.7 0.69296875 0.70703125 0.69296875 0.70703125 0.69921875 0.7 0.69921875
3 0.6703125 0.68203125 0.6765625 0.68203125 0.6765625 0.6875 0.6703125 0.6875
0 0.22265625 0.8203125 0.2359375 0.83125 0.23046875 0.83828125 0.2171875 0.82734375
0 0.88125 0.721875 0.89609375 0.72890625 0.89296875 0.734375 0.878125 0.728125
0 0.0390625 0.9859375 0.053125 0.9765625 0.05859375 0.984375 0.0453125 0.99375
