0 0.09921875 0.68828125 0.11015625 0.68828125 0.11015625 0.70390625 0.09921875 0.70390625
0 0.13359375 0.7046875 0.140625 0.69765625 0.16875 0.72578125 0.16171875 0.7328125
0 0.140625 0.7578125 0.15390625 0.75 0.1578125 0.75625 0.14453125 0.7640625
0 0.0859375 0.8359375 0.1015625 0.8359375 0.1015625 0.84140625 0.0859375 0.84140625
0 0.146875 0.83515625 0.1578125 0.828125 0.1609375 0.83359375 0.15 0.840625
0 0.25859375 0.8046875 0.26875 0.8 0.2703125 0.80390625 0.2609375 0.80859375
0 0.30625 0.82421875 0.315625 0.82421875 0.315625 0.83515625 0.30625 0.83515625
0 0.21328125 0.76953125 0.22109375 0.76953125 0.22109375 0.77421875 0.21328125 0.77421875
0 0.28125 0.77734375 0.2890625 0.77734375 0.2890625 0.78984375 0.28125 0.78984375
0 0.30390625 0.8203125 0.3078125 0.8234375 0.30234375 0.83125 0.2984375 0.828125
0 0.27421875 0.8 0.27734375 0.803125 0.26875 0.81328125 0.26484375 0.81015625
0 0.38125 0.92578125 0.38515625 0.92265625 0.39453125 0.93515625 0.38984375 0.93828125
0 0.3734375 0.9609375 0.3859375 0.9609375 0.3859375 0.96953125 0.3734375 0.96953125
0 0.453125 0.8234375 0.46640625 0.8234375 0.46640625 0.82890625 0.453125 0.82890625
0 0.49375 0.7671875 0.5171875 0.7671875 0.5171875 0.7765625 0.49375 0.7765625
0 0.5625 0.7640625 0.56640625 0.7640625 0.56640625 0.771875 0.5625 0.771875
0 0.56796875 0.76640625 0.57421875 0.76640625 0.57421875 0.77578125 0.56796875 0.77578125
0 0.6765625 0.80546875 0.6921875 0.80546875 0.6921875 0.809375 0.6765625 0.809375
0 0.69921875 0.86640625 0.71171875 0.86640625 0.71171875 0.87890625 0.69921875 0.87890625
0 0.715625 0.86640625 0.7234375 0.86640625 0.7234375 0.878125 0.715625 0.878125
0 0.68125 0.91328125 0.6921875 0.91328125 0.6921875 0.921875 0.68125 0.921875
0 0.5765625 0.93671875 0.58046875 0.93359375 0.5875 0.940625 0.58359375 0.94453125
0 0.79609375 0.87109375 0.815625 0.87109375 0.815625 0.8828125 0.79609375 0.8828125
0 0.93984375 0.88515625 0.946875 0.88515625 0.946875 0.90078125 0.93984375 0.90078125
0 0.95625 0.89375 0.96171875 0.89375 0.96171875 0.9046875 0.95625 0.9046875
0 0.86953125 0.7578125 0.87578125 0.7578125 0.87578125 0.771875 0.86953125 0.771875
0 0.87734375 0.759375 0.88671875 0.759375 0.88671875 0.7640625 0.87734375 0.7640625
0 0.0 0.72890625 0.00390625 0.72890625 0.00390625 0.740625 0.0 0.740625
0 0.4875 0.7578125 0.48984375 0.75625 0.49375 0.7640625 0.49140625 0.76484375
0 0.48828125 0.7515625 0.49140625 0.74921875 0.49765625 0.759375 0.49453125 0.76171875
0 0.63984375 0.92578125 0.6453125 0.92578125 0.6453125 0.93359375 0.63984375 0.93359375
0 0.7015625 0.94609375 0.71015625 0.94609375 0.71015625 0.95390625 0.7015625 0.95390625
0 0.040625 0.89609375 0.05 0.89609375 0.05 0.9046875 0.040625 0.9046875
0 0.390625 0.971875 0.4 0.971875 0.4 0.9796875 0.390625 0.9796875
3 0.1640625 0.621875 0.16875 0.621875 0.16875 0.62578125 0.1640625 0.62578125
3 0.2765625 0.66796875 0.31953125 0.66796875 0.31953125 0.70078125 0.2765625 0.70078125
3 0.34453125 0.7109375 0.35 0.7109375 0.35 0.71640625 0.34453125 0.71640625
3 0.346875 0.71875 0.35234375 0.71875 0.35234375 0.72421875 0.346875 0.72421875
3 0.353125 0.71796875 0.36328125 0.71796875 0.36328125 0.72421875 0.353125 0.72421875
3 0.36953125 0.703125 0.38515625 0.703125 0.38515625 0.7203125 0.36953125 0.7203125
3 0.34140625 0.76640625 0.34453125 0.76640625 0.34453125 0.76953125 0.34140625 0.76953125
3 0.60859375 0.68125 0.61484375 0.68125 0.61484375 0.6875 0.60859375 0.6875
3 0.70625 0.71875 0.7109375 0.71875 0.7109375 0.72421875 0.70625 0.72421875
3 0.7046875 0.77890625 0.709375 0.77890625 0.709375 0.784375 0.7046875 0.784375
3 0.771875 0.86328125 0.775 0.86328125 0.775 0.8671875 0.771875 0.8671875
3 0.79453125 0.7875 0.79921875 0.7875 0.79921875 0.79140625 0.79453125 0.79140625
3 0.85703125 0.853125 0.8609375 0.853125 0.8609375 0.85703125 0.85703125 0.85703125
3 0.9 0.9 0.90625 0.9 0.90625 0.90703125 0.9 0.90703125
3 0.91875 0.7609375 0.9234375 0.7609375 0.9234375 0.765625 0.91875 0.765625
3 0.9875 0.69609375 0.99140625 0.69609375 0.99140625 0.7 0.9875 0.7
3 0.953125 0.68671875 0.95625 0.68671875 0.95625 0.68984375 0.953125 0.68984375
3 0.91328125 0.540625 0.91875 0.540625 0.91875 0.54921875 0.91328125 0.54921875
3 0.6703125 0.56328125 0.6765625 0.56328125 0.6765625 0.56875 0.6703125 0.56875
3 0.628125 0.56796875 0.63359375 0.56796875 0.63359375 0.57421875 0.628125 0.57421875
3 0.63125 0.553125 0.63515625 0.553125 0.63515625 0.55859375 0.63125 0.55859375
3 0.2125 0.09609375 0.2171875 0.09609375 0.2171875 0.103125 0.2125 0.103125
