0 0.1015625 0.06796875 0.1078125 0.0640625 0.12109375 0.08203125 0.1140625 0.08671875
0 0.8109375 0.740625 0.8390625 0.740625 0.8390625 0.7578125 0.8109375 0.7578125
0 0.5390625 0.18359375 0.55 0.18359375 0.55 0.20234375 0.5390625 0.20234375
0 0.67734375 0.71640625 0.6984375 0.72890625 0.69375 0.7375 0.67265625 0.72578125
0 0.18359375 0.71328125 0.2046875 0.7046875 0.20703125 0.71015625 0.18671875 0.71953125
0 0.22421875 0.68515625 0.24921875 0.68515625 0.24921875 0.69609375 0.22421875 0.69609375
0 0.0703125 0.97578125 0.0921875 0.96875 0.09453125 0.97421875 0.07265625 0.98125
0 0.17421875 0.6984375 0.19765625 0.6859375 0.203125 0.696875 0.1796875 0.71015625
0 0.20703125 0.70859375 0.221875 0.7078125 0.22265625 0.71875 0.2078125 0.71953125
0 0.65625 0.60625 0.66875 0.60625 0.66875 0.621875 0.65625 0.621875
0 0.759375 0.44921875 0.76640625 0.453125 0.759375 0.46640625 0.75234375 0.4625
0 0.64609375 0.1015625 0.67890625 0.090625 0.6828125 0.10078125 0.65 0.11171875
0 0.78046875 0.44765625 0.79453125 0.44765625 0.79453125 0.45625 0.78046875 0.45625
