2 0.04921875 0.4765625 0.05546875 0.4828125 0.03671875 0.50234375 0.0296875 0.4953125
2 0.128125 0.528125 0.1453125 0.528125 0.1453125 0.54375 0.128125 0.54375
2 0.1171875 0.534375 0.1265625 0.534375 0.1265625 0.54609375 0.1171875 0.54609375
2 0.69921875 0.5703125 0.71875 0.5875 0.71484375 0.5921875 0.69453125 0.575
2 0.77890625 0.32578125 0.803125 0.32578125 0.803125 0.34296875 0.77890625 0.34296875
3 0.67109375 0.64765625 0.68125 0.64765625 0.68125 0.65859375 0.67109375 0.65859375
2 0.05390625 0.05625 0.096875 0.05 0.0984375 0.059375 0.05546875 0.06484375
2 0.07734375 0.04375 0.09453125 0.0375 0.09765625 0.04609375 0.0796875 0.05234375
2 0.03515625 0.003125 0.0640625 0.00546875 0.0640625 0.01484375 0.034375 0.0125
2 0.14375 -0.0015625 0.1796875 0.0046875 0.17734375 0.01640625 0.14140625 0.009375
2 0.2078125 0.01875 0.24140625 0.02421875 0.23984375 0.03203125 0.20625 0.0265625
2 0.0734375 0.08046875 0.1 0.08046875 0.1 0.08984375 0.0734375 0.08984375
2 0.08125 0.09296875 0.10546875 0.09296875 0.10546875 0.1015625 0.08125 0.1015625
2 0.134375 0.14765625 0.13984375 0.14140625 0.1546875 0.15625 0.15 0.16171875
2 0.2015625 0.14765625 0.21015625 0.14375 0.2171875 0.1609375 0.209375 0.1640625
2 0.28203125 0.1765625 0.28671875 0.1703125 0.30859375 0.1859375 0.30390625 0.19296875
2 0.3046875 0.21875 0.309375 0.21328125 0.32109375 0.221875 0.31640625 0.228125
2 0.3234375 0.24765625 0.35 0.24765625 0.35 0.26015625 0.3234375 0.26015625
2 0.1703125 0.25546875 0.175 0.2484375 0.1984375 0.265625 0.19296875 0.27265625
2 0.45 0.09453125 0.47421875 0.10859375 0.46640625 0.12265625 0.4421875 0.10859375
2 0.478125 0.15 0.48125 0.14140625 0.51171875 0.1546875 0.5078125 0.1625
2 0.30703125 0.1390625 0.33515625 0.1390625 0.33515625 0.1484375 0.30703125 0.1484375
2 0.4734375 0.18671875 0.49609375 0.18671875 0.49609375 0.19375 0.4734375 0.19375
2 0.53515625 0.221875 0.53984375 0.2140625 0.5578125 0.22578125 0.55234375 0.23359375
2 0.53984375 0.196875 0.54375 0.1890625 0.5734375 0.2046875 0.56953125 0.2125
2 0.50546875 0.19296875 0.509375 0.18671875 0.53046875 0.20078125 0.5265625 0.20703125
2 0.48046875 0.17734375 0.4984375 0.17734375 0.4984375 0.1859375 0.48046875 0.1859375
2 0.628125 0.1765625 0.63203125 0.16796875 0.6796875 0.190625 0.67578125 0.19921875
2 0.70546875 0.2109375 0.70859375 0.2015625 0.75703125 0.221875 0.753125 0.23125
2 0.80859375 0.25703125 0.803125 0.26484375 0.75625 0.23203125 0.7609375 0.225
2 0.83203125 0.31015625 0.82421875 0.31875 0.77265625 0.26953125 0.78046875 0.2609375
2 0.69140625 0.3109375 0.69609375 0.3015625 0.71171875 0.309375 0.70703125 0.31796875
2 0.675 0.36015625 0.6890625 0.36015625 0.6890625 0.36796875 0.675 0.36796875
2 0.67578125 0.37421875 0.6953125 0.37421875 0.6953125 0.3875 0.67578125 0.3875
2 0.7171875 0.38984375 0.725 0.38359375 0.7359375 0.396875 0.728125 0.403125
2 0.7359375 0.4 0.7484375 0.4 0.7484375 0.4109375 0.7359375 0.4109375
2 0.559375 0.39375 0.56328125 0.3859375 0.58671875 0.4 0.5828125 0.40703125
2 0.509375 0.3921875 0.51328125 0.384375 0.53125 0.39375 0.52734375 0.4015625
2 0.3609375 0.38046875 0.3640625 0.375 0.38515625 0.38515625 0.3828125 0.390625
2 0.28515625 0.3671875 0.290625 0.3609375 0.3046875 0.371875 0.29921875 0.37890625
2 0.56796875 0.5109375 0.57265625 0.50390625 0.60703125 0.52734375 0.60234375 0.534375
2 0.88515625 0.4515625 0.89296875 0.44453125 0.91171875 0.46640625 0.90390625 0.4734375
2 0.96015625 0.40234375 0.96640625 0.39375 1.0015625 0.42109375 0.9953125 0.4296875
2 0.9390625 0.4875 0.94609375 0.4796875 0.96484375 0.496875 0.9578125 0.50390625
2 0.7484375 0.484375 0.7796875 0.48828125 0.778125 0.49921875 0.74765625 0.49453125
2 0.02265625 0.53203125 0.0421875 0.53203125 0.0421875 0.53828125 0.02265625 0.53828125
2 0.009375 0.4875 0.0375 0.4765625 0.040625 0.48359375 0.01171875 0.4953125
2 0.79765625 0.4609375 0.821875 0.4609375 0.821875 0.471875 0.79765625 0.471875
2 0.83828125 0.45 0.8515625 0.45 0.8515625 0.4578125 0.83828125 0.4578125
2 0.6703125 0.415625 0.68359375 0.415625 0.68359375 0.421875 0.6703125 0.421875
2 0.4859375 0.45625 0.49296875 0.4484375 0.52265625 0.47578125 0.515625 0.4828125
2 0.396875 0.3859375 0.4 0.38046875 0.4203125 0.390625 0.41796875 0.39609375
2 0.3421875 0.11796875 0.353125 0.11796875 0.353125 0.13515625 0.3421875 0.13515625
2 0.4359375 0.2703125 0.44375 0.26484375 0.45703125 0.284375 0.44921875 0.28984375
2 0.4828125 0.19375 0.5375 0.209375 0.534375 0.21953125 0.4796875 0.20390625
3 0.2375 0.31796875 0.24609375 0.31796875 0.24609375 0.3265625 0.2375 0.3265625
2 0.6421875 0.515625 0.675 0.515625 0.675 0.521875 0.6421875 0.521875
2 0.68984375 0.50234375 0.69453125 0.49296875 0.7265625 0.5078125 0.721875 0.5171875
2 0.95234375 0.6125 0.959375 0.6046875 0.99453125 0.63671875 0.9875 0.64453125
2 0.85546875 0.5015625 0.8703125 0.5015625 0.8703125 0.5125 0.85546875 0.5125
2 0.64609375 0.31484375 0.6578125 0.31484375 0.6578125 0.32109375 0.64609375 0.32109375
