3 0.74765625 0.0046875 0.75078125 0.0046875 0.75078125 0.00859375 0.74765625 0.00859375
3 0.76484375 0.02109375 0.76875 0.02109375 0.76875 0.02734375 0.76484375 0.02734375
3 0.5484375 0.11484375 0.553125 0.11484375 0.553125 0.11796875 0.5484375 0.11796875
0 0.5171875 0.0546875 0.53125 0.0546875 0.53125 0.0625 0.5171875 0.0625
0 0.5578125 0.05078125 0.56484375 0.05078125 0.56484375 0.05703125 0.5578125 0.05703125
0 0.60625 0.0015625 0.6140625 0.00546875 0.60078125 0.03359375 0.59375 0.03046875
0 0.46640625 0.15234375 0.48359375 0.15234375 0.48359375 0.1640625 0.46640625 0.1640625
0 0.41953125 0.18046875 0.42578125 0.18046875 0.42578125 0.190625 0.41953125 0.190625
0 0.38203125 0.11796875 0.38828125 0.11796875 0.38828125 0.1234375 0.38203125 0.1234375
0 0.3484375 0.10078125 0.36484375 0.09375 0.36640625 0.09765625 0.35078125 0.1046875
0 0.3390625 0.03046875 0.3453125 0.03046875 0.3453125 0.04453125 0.3390625 0.04453125
0 0.33359375 0.01953125 0.340625 0.01953125 0.340625 0.02421875 0.33359375 0.02421875
0 0.596875 0.2890625 0.61640625 0.2890625 0.61640625 0.296875 0.596875 0.296875
0 0.44609375 0.21171875 0.459375 0.21171875 0.459375 0.2203125 0.44609375 0.2203125
0 0.41953125 0.2265625 0.4390625 0.2265625 0.4390625 0.23671875 0.41953125 0.23671875
0 0.70390625 0.0375 0.709375 0.0359375 0.71953125 0.06484375 0.71328125 0.0671875
0 0.7984375 0.04140625 0.803125 0.0390625 0.809375 0.05078125 0.8046875 0.053125
0 0.8109375 0.071875 0.815625 0.06953125 0.825 0.0890625 0.8203125 0.09140625
0 0.6890625 0.284375 0.69765625 0.2890625 0.69609375 0.29296875 0.68671875 0.28828125
0 0.703125 0.2953125 0.70859375 0.2953125 0.70859375 0.303125 0.703125 0.303125
0 0.7296875 0.29765625 0.73515625 0.29765625 0.73515625 0.3125 0.7296875 0.3125
0 0.5796875 0.3546875 0.58984375 0.3609375 0.58671875 0.36640625 0.5765625 0.36015625
0 0.6734375 0.38046875 0.68359375 0.37421875 0.6875 0.38046875 0.6765625 0.38671875
0 0.571875 0.46484375 0.58203125 0.47265625 0.57890625 0.4765625 0.56875 0.46953125
0 0.7734375 0.35859375 0.7796875 0.35859375 0.7796875 0.36484375 0.7734375 0.36484375
0 0.7703125 0.34453125 0.7765625 0.34453125 0.7765625 0.35546875 0.7703125 0.35546875
0 0.9296875 0.33984375 0.93359375 0.3390625 0.93828125 0.35625 0.934375 0.35703125
0 0.95390625 0.190625 0.96484375 0.2015625 0.96171875 0.20546875 0.95078125 0.19375
0 0.99375 0.55703125 0.99765625 0.5578125 0.99453125 0.56875 0.990625 0.5671875
0 0.9765625 0.59609375 0.98125 0.59609375 0.98125 0.60703125 0.9765625 0.60703125
0 0.990625 0.59453125 0.99453125 0.59453125 0.99453125 0.60625 0.990625 0.60625
0 0.9359375 0.57109375 0.94453125 0.57109375 0.94453125 0.5765625 0.9359375 0.5765625
0 0.88984375 0.76015625 0.90078125 0.75390625 0.90234375 0.75625 0.89140625 0.7625
0 0.8890625 0.75703125 0.896875 0.7515625 0.89921875 0.7546875 0.890625 0.76015625
0 0.91015625 0.8765625 0.9359375 0.8765625 0.9359375 0.884375 0.91015625 0.884375
0 0.978125 0.84921875 0.990625 0.84921875 0.990625 0.8609375 0.978125 0.8609375
0 0.88046875 0.85546875 0.903125 0.86484375 0.89921875 0.8734375 0.8765625 0.86328125
