0 0.321875 0.80703125 0.3328125 0.80703125 0.3328125 0.81171875 0.321875 0.81171875
0 0.04453125 0.94296875 0.05 0.94609375 0.03671875 0.96875 0.03125 0.965625
0 0.81875 0.62265625 0.83203125 0.6125 0.8359375 0.6171875 0.82265625 0.628125
0 0.80078125 0.5671875 0.81796875 0.5671875 0.81796875 0.58515625 0.80078125 0.58515625
0 0.77890625 0.63515625 0.784375 0.6453125 0.7640625 0.65703125 0.75859375 0.646875
0 0.84609375 0.48515625 0.86953125 0.478125 0.871875 0.4859375 0.8484375 0.49375
0 0.87890625 0.49296875 0.9 0.4984375 0.896875 0.51015625 0.87578125 0.5046875
0 0.89140625 0.4875 0.91328125 0.4875 0.91328125 0.49765625 0.89140625 0.49765625
0 0.26328125 0.4625 0.26953125 0.46875 0.259375 0.47890625 0.25234375 0.47265625
0 0.16640625 0.8140625 0.171875 0.8203125 0.15625 0.8328125 0.15078125 0.82734375
0 0.05625 0.884375 0.0625 0.8890625 0.053125 0.903125 0.046875 0.89921875
0 0.94765625 0.471875 0.95078125 0.47734375 0.93046875 0.4890625 0.92734375 0.484375
0 0.765625 0.61484375 0.77734375 0.61484375 0.77734375 0.625 0.765625 0.625
3 0.375 0.859375 0.37890625 0.859375 0.37890625 0.8640625 0.375 0.8640625
0 0.36796875 0.9015625 0.37109375 0.90390625 0.36015625 0.91640625 0.35703125 0.91328125
0 0.34765625 0.8796875 0.35390625 0.8796875 0.35390625 0.8921875 0.34765625 0.8921875
0 0.59921875 0.35859375 0.609375 0.3671875 0.603125 0.375 0.59296875 0.3671875
0 0.94609375 0.465625 0.9484375 0.4703125 0.93125 0.48046875 0.928125 0.47578125
0 0.62421875 0.44140625 0.6625 0.446875 0.66171875 0.453125 0.6234375 0.44765625
0 0.79375 0.43984375 0.80234375 0.428125 0.80703125 0.43203125 0.7984375 0.44296875
0 0.77421875 0.459375 0.784375 0.45 0.790625 0.45625 0.78046875 0.465625
0 0.8171875 0.415625 0.82109375 0.4171875 0.81484375 0.428125 0.8109375 0.42578125
0 0.76328125 0.35859375 0.7953125 0.35859375 0.7953125 0.365625 0.76328125 0.365625
0 0.7046875 0.36796875 0.72734375 0.37578125 0.725 0.38359375 0.7015625 0.37578125
0 0.4 0.6359375 0.40390625 0.6359375 0.40390625 0.6484375 0.4 0.6484375
0 0.4890625 0.63984375 0.49375 0.63984375 0.49375 0.65234375 0.4890625 0.65234375
0 0.5078125 0.71875 0.528125 0.70625 0.53203125 0.71328125 0.51171875 0.72578125
0 0.75546875 0.35390625 0.76171875 0.36015625 0.73828125 0.38203125 0.7328125 0.37578125
0 0.38984375 0.78671875 0.42890625 0.78671875 0.42890625 0.80078125 0.38984375 0.80078125
0 0.80625 0.35390625 0.84453125 0.33671875 0.84921875 0.34609375 0.8109375 0.3640625
0 0.21484375 0.8015625 0.21875 0.80703125 0.19375 0.8234375 0.18984375 0.8171875
0 0.06171875 0.8984375 0.06640625 0.90078125 0.0578125 0.9203125 0.05234375 0.91796875
0 0.07265625 0.909375 0.07734375 0.9125 0.06640625 0.92890625 0.0625 0.9265625
0 0.10859375 0.86328125 0.11171875 0.86640625 0.0984375 0.878125 0.09609375 0.875
0 0.4578125 0.8 0.46875 0.8 0.46875 0.809375 0.4578125 0.809375
3 0.40625 0.8546875 0.409375 0.8546875 0.409375 0.85859375 0.40625 0.85859375
