0 0.5796875 0.83671875 0.60078125 0.83671875 0.60078125 0.84765625 0.5796875 0.84765625
0 0.50703125 0.71953125 0.515625 0.71953125 0.515625 0.7390625 0.50703125 0.7390625
0 0.45 0.715625 0.46328125 0.715625 0.46328125 0.72734375 0.45 0.72734375
3 0.13671875 0.696875 0.14453125 0.696875 0.14453125 0.703125 0.13671875 0.703125
3 0.184375 0.61640625 0.18828125 0.61640625 0.18828125 0.61953125 0.184375 0.61953125
0 0.16484375 0.6234375 0.1765625 0.6234375 0.1765625 0.62734375 0.16484375 0.62734375
0 0.053125 0.7125 0.0609375 0.7125 0.0609375 0.72421875 0.053125 0.72421875
0 0.23984375 0.6140625 0.24765625 0.6140625 0.24765625 0.62265625 0.23984375 0.62265625
0 0.3203125 0.6234375 0.32578125 0.6234375 0.32578125 0.634375 0.3203125 0.634375
0 0.76875 0.78359375 0.78515625 0.78359375 0.78515625 0.79453125 0.76875 0.79453125
0 0.79375 0.809375 0.80859375 0.809375 0.80859375 0.81953125 0.79375 0.81953125
0 0.66796875 0.9734375 0.68203125 0.96875 0.684375 0.97421875 0.66953125 0.97890625
0 0.059375 0.98828125 0.07265625 0.9828125 0.075 0.98828125 0.06171875 0.99375
0 0.4296875 0.80234375 0.4375 0.80234375 0.4375 0.82109375 0.4296875 0.82109375
0 0.4125 0.80078125 0.4171875 0.80546875 0.39140625 0.8328125 0.38671875 0.828125
0 0.3484375 0.7140625 0.3546875 0.7140625 0.3546875 0.7234375 0.3484375 0.7234375
0 0.69375 0.87109375 0.7125 0.859375 0.7171875 0.86640625 0.6984375 0.878125
3 0.00234375 0.709375 0.00546875 0.709375 0.00546875 0.71328125 0.00234375 0.71328125
3 0.003125 0.73203125 0.0046875 0.73203125 0.0046875 0.7359375 0.003125 0.7359375
3 0.00546875 0.71328125 0.00703125 0.71328125 0.00703125 0.7171875 0.00546875 0.7171875
0 0.25390625 0.78984375 0.2796875 0.77265625 0.28359375 0.7796875 0.25859375 0.796875
0 0.2171875 0.7921875 0.2265625 0.7921875 0.2265625 0.8078125 0.2171875 0.8078125
0 0.1625 0.81484375 0.1796875 0.81484375 0.1796875 0.821875 0.1625 0.821875
0 0.22734375 0.7390625 0.2421875 0.7390625 0.2421875 0.75234375 0.22734375 0.75234375
0 0.37890625 0.7125 0.39140625 0.7125 0.39140625 0.72734375 0.37890625 0.72734375
0 0.42890625 0.69453125 0.4515625 0.6875 0.45390625 0.69453125 0.43125 0.7015625
0 0.3078125 0.55625 0.34765625 0.55625 0.34765625 0.5640625 0.3078125 0.5640625
0 0.5140625 0.5421875 0.5375 0.5421875 0.5375 0.54921875 0.5140625 0.54921875
0 0.52578125 0.5515625 0.55234375 0.5484375 0.55234375 0.55234375 0.5265625 0.55625
0 0.60078125 0.546875 0.63359375 0.546875 0.63359375 0.5515625 0.60078125 0.5515625
0 0.64765625 0.60078125 0.653125 0.59921875 0.659375 0.61484375 0.65390625 0.6171875
0 0.62265625 0.60703125 0.64296875 0.60703125 0.64296875 0.62578125 0.62265625 0.62578125
0 0.9375 0.79296875 0.94921875 0.78828125 0.9515625 0.79453125 0.93984375 0.7984375
0 0.88671875 0.80859375 0.8984375 0.803125 0.9015625 0.81015625 0.88984375 0.815625
3 0.89296875 0.89296875 0.89765625 0.89296875 0.89765625 0.90234375 0.89296875 0.90234375
0 0.8203125 0.89921875 0.82578125 0.9015625 0.8203125 0.91484375 0.81484375 0.9125
0 0.8265625 0.90703125 0.8390625 0.90078125 0.8421875 0.9078125 0.83046875 0.9140625
0 0.6828125 0.8703125 0.7046875 0.85234375 0.7078125 0.85703125 0.68671875 0.87421875
0 0.678125 0.87421875 0.6828125 0.878125 0.675 0.88671875 0.6703125 0.88203125
0 0.52421875 0.91328125 0.56484375 0.9046875 0.565625 0.909375 0.525 0.91796875
0 0.45 0.92734375 0.475 0.915625 0.47734375 0.9203125 0.45234375 0.93203125
0 0.27421875 0.996875 0.3 0.98359375 0.303125 0.98828125 0.27734375 1.00234375
0 0.0140625 0.78046875 0.02109375 0.78359375 0.015625 0.7953125 0.00859375 0.7921875
0 0.0421875 0.834375 0.05390625 0.84140625 0.0375 0.86875 0.02578125 0.86171875
0 0.00625 0.815625 0.025 0.815625 0.025 0.8328125 0.00625 0.8328125
