0 0.1515625 0.13828125 0.1921875 0.14609375 0.19140625 0.153125 0.15 0.14609375
0 0.68671875 0.43359375 0.725 0.45703125 0.71796875 0.46796875 0.6796875 0.4453125
0 0.8546875 0.903125 0.86015625 0.890625 0.91015625 0.91328125 0.9046875 0.92578125
0 0.10546875 0.94453125 0.13828125 0.95625 0.134375 0.96640625 0.1015625 0.9546875
0 0.0859375 0.259375 0.10859375 0.259375 0.10859375 0.271875 0.0859375 0.271875
0 0.478125 0.115625 0.49921875 0.115625 0.49921875 0.12890625 0.478125 0.12890625
0 0.690625 0.08125 0.71171875 0.084375 0.7109375 0.090625 0.68984375 0.0875
0 0.61171875 0.3125 0.6390625 0.315625 0.6375 0.328125 0.61015625 0.32421875
0 0.66640625 0.82265625 0.675 0.81640625 0.6828125 0.8265625 0.675 0.8328125
0 0.34375 0.64765625 0.34765625 0.653125 0.31953125 0.67421875 0.315625 0.66875
0 0.653125 0.828125 0.6640625 0.82109375 0.671875 0.8328125 0.6609375 0.83984375
0 0.0890625 0.15390625 0.09921875 0.1453125 0.109375 0.1578125 0.09921875 0.16640625
0 0.82265625 0.8859375 0.8296875 0.87890625 0.853125 0.90234375 0.846875 0.909375
0 0.58359375 0.73046875 0.60078125 0.73046875 0.60078125 0.74609375 0.58359375 0.74609375
0 0.81484375 0.22421875 0.83515625 0.22421875 0.83515625 0.23359375 0.81484375 0.23359375
0 0.9078125 0.015625 0.92421875 0.015625 0.92421875 0.02265625 0.9078125 0.02265625
