3 0.93515625 0.08125 0.93984375 0.08125 0.93984375 0.0859375 0.93515625 0.0859375
3 0.93984375 0.0796875 0.94296875 0.0796875 0.94296875 0.0828125 0.93984375 0.0828125
1 0.7015625 0.51875 0.72265625 0.52265625 0.72109375 0.5296875 0.7 0.52578125
1 0.68828125 0.50546875 0.70390625 0.50859375 0.703125 0.5140625 0.68671875 0.5109375
1 0.50703125 0.528125 0.52578125 0.53203125 0.52421875 0.540625 0.50546875 0.53671875
3 0.30546875 0.34921875 0.3109375 0.34921875 0.3109375 0.35390625 0.30546875 0.35390625
3 0.35390625 0.35625 0.35859375 0.35625 0.35859375 0.36015625 0.35390625 0.36015625
3 0.58125 0.30859375 0.5859375 0.30859375 0.5859375 0.3125 0.58125 0.3125
1 0.50390625 0.35078125 0.5296875 0.34765625 0.53046875 0.35390625 0.5046875 0.35703125
1 0.15390625 0.56328125 0.1984375 0.56328125 0.1984375 0.57265625 0.15390625 0.57265625
3 0.296875 0.5015625 0.3015625 0.5015625 0.3015625 0.50546875 0.296875 0.50546875
3 0.30078125 0.48671875 0.3046875 0.48671875 0.3046875 0.48984375 0.30078125 0.48984375
3 0.26328125 0.496875 0.271875 0.496875 0.271875 0.50390625 0.26328125 0.50390625
1 0.34921875 0.16953125 0.36640625 0.16953125 0.36640625 0.1828125 0.34921875 0.1828125
1 0.05 0.365625 0.06875 0.37578125 0.0640625 0.384375 0.0453125 0.37421875
1 0.01015625 0.2921875 0.0265625 0.2921875 0.0265625 0.30234375 0.01015625 0.30234375
1 0.03203125 0.21328125 0.0484375 0.22109375 0.04609375 0.22578125 0.0296875 0.21796875
1 0.915625 0.56015625 0.92265625 0.5671875 0.90078125 0.58828125 0.89375 0.58046875
1 0.8171875 0.99140625 0.846875 0.99140625 0.846875 0.99921875 0.8171875 0.99921875
