0 0.15078125 0.37265625 0.15625 0.37890625 0.13125 0.40078125 0.12578125 0.39453125
3 0.67421875 0.27421875 0.67734375 0.27421875 0.67734375 0.278125 0.67421875 0.278125
3 0.796875 0.08203125 0.79921875 0.08203125 0.79921875 0.08515625 0.796875 0.08515625
0 0.39296875 0.19140625 0.40546875 0.18046875 0.41171875 0.18828125 0.39921875 0.1984375
0 0.3765625 0.2078125 0.390625 0.2078125 0.390625 0.215625 0.3765625 0.215625
0 0.80390625 0.28984375 0.82421875 0.29921875 0.81953125 0.30859375 0.79921875 0.29921875
3 0.39453125 0.69453125 0.40234375 0.69453125 0.40234375 0.7015625 0.39453125 0.7015625
3 0.371875 0.625 0.3796875 0.625 0.3796875 0.63359375 0.371875 0.63359375
3 0.32578125 0.67578125 0.34765625 0.67578125 0.34765625 0.69140625 0.32578125 0.69140625
0 0.52578125 0.0921875 0.53984375 0.09921875 0.53203125 0.1140625 0.51796875 0.10625
