3 0.6765625 0.0875 0.68046875 0.0875 0.68046875 0.0921875 0.6765625 0.0921875
0 0.0 0.4578125 0.03125 0.4578125 0.03125 0.46953125 0.0 0.46953125
0 0.02265625 0.47421875 0.0359375 0.47421875 0.0359375 0.48046875 0.02265625 0.48046875
0 0.0484375 0.48046875 0.05625 0.48046875 0.05625 0.49453125 0.0484375 0.49453125
0 0.09765625 0.49140625 0.11015625 0.4859375 0.11171875 0.48984375 0.09921875 0.4953125
0 0.0125 0.74921875 0.03359375 0.74921875 0.03359375 0.75546875 0.0125 0.75546875
0 0.1296875 0.8375 0.14296875 0.8375 0.14296875 0.8453125 0.1296875 0.8453125
0 0.14765625 0.840625 0.16328125 0.840625 0.16328125 0.85 0.14765625 0.85
0 0.07109375 0.89453125 0.08046875 0.89453125 0.08046875 0.90234375 0.07109375 0.90234375
0 0.0984375 0.85546875 0.115625 0.85546875 0.115625 0.86328125 0.0984375 0.86328125
0 0.2609375 0.884375 0.271875 0.884375 0.271875 0.88828125 0.2609375 0.88828125
0 0.30078125 0.84296875 0.30390625 0.83984375 0.3109375 0.8484375 0.30703125 0.85078125
0 0.27734375 0.809375 0.28046875 0.80703125 0.28671875 0.81640625 0.28359375 0.81875
0 0.334375 0.92421875 0.34296875 0.9265625 0.3390625 0.940625 0.33046875 0.93828125
0 0.565625 0.81171875 0.57890625 0.81875 0.57578125 0.82421875 0.5625 0.8171875
0 0.64921875 0.8234375 0.6578125 0.8234375 0.6578125 0.82890625 0.64921875 0.82890625
0 0.68359375 0.87578125 0.69765625 0.87578125 0.69765625 0.88046875 0.68359375 0.88046875
0 0.63828125 0.98828125 0.66015625 0.984375 0.6609375 0.990625 0.63984375 0.9953125
0 0.6640625 0.95546875 0.67421875 0.95546875 0.67421875 0.9625 0.6640625 0.9625
0 0.803125 0.86484375 0.81796875 0.86484375 0.81796875 0.8734375 0.803125 0.8734375
0 0.78828125 0.80859375 0.80859375 0.8203125 0.80703125 0.82421875 0.7859375 0.8125
0 0.95078125 0.82421875 0.97265625 0.83359375 0.97109375 0.83828125 0.9484375 0.8296875
0 0.94375 0.9765625 0.96328125 0.984375 0.9625 0.98828125 0.94296875 0.98046875
3 0.540625 0.85625 0.54765625 0.85625 0.54765625 0.86171875 0.540625 0.86171875
3 0.0984375 0.434375 0.10546875 0.434375 0.10546875 0.440625 0.0984375 0.440625
0 0.25546875 0.746875 0.27578125 0.746875 0.27578125 0.75234375 0.25546875 0.75234375
0 0.24140625 0.75078125 0.24921875 0.75546875 0.24765625 0.7578125 0.240625 0.753125
0 0.24375 0.7234375 0.2484375 0.7234375 0.2484375 0.73046875 0.24375 0.73046875
3 0.0390625 0.75234375 0.04296875 0.75234375 0.04296875 0.75625 0.0390625 0.75625
