2 0.60546875 0.065625 0.61171875 0.05703125 0.64140625 0.08046875 0.63515625 0.08828125
2 0.609375 0.02109375 0.615625 0.01171875 0.6421875 0.0296875 0.63515625 0.0390625
2 0.315625 0.05234375 0.32890625 0.05234375 0.32890625 0.078125 0.315625 0.078125
2 0.36015625 0.084375 0.37734375 0.084375 0.37734375 0.09765625 0.36015625 0.09765625
2 0.51015625 0.1265625 0.51953125 0.11796875 0.55 0.153125 0.540625 0.16171875
2 0.4828125 0.19765625 0.49453125 0.19765625 0.49453125 0.2109375 0.4828125 0.2109375
2 0.5484375 0.171875 0.575 0.18359375 0.56796875 0.1984375 0.5421875 0.18671875
2 0.50703125 0.159375 0.5125 0.15390625 0.53046875 0.171875 0.525 0.17734375
2 0.60546875 0.225 0.61015625 0.21875 0.63359375 0.23828125 0.628125 0.24453125
2 0.8453125 0.2234375 0.85390625 0.2125 0.88125 0.234375 0.87265625 0.2453125
2 0.703125 0.22109375 0.6953125 0.23203125 0.6640625 0.21015625 0.671875 0.19921875
2 0.896875 0.2921875 0.89296875 0.29921875 0.8640625 0.28125 0.86875 0.27421875
2 0.7890625 0.27578125 0.79765625 0.26953125 0.8109375 0.28671875 0.80234375 0.29296875
2 0.86875 0.00078125 0.89375 0.00078125 0.89375 0.01484375 0.86875 0.01484375
