3 0.8328125 0.1203125 0.8390625 0.1203125 0.8390625 0.125 0.8328125 0.125
3 0.8109375 0.21484375 0.8203125 0.21484375 0.8203125 0.22734375 0.8109375 0.22734375
3 0.8046875 0.21484375 0.81015625 0.21484375 0.81015625 0.2234375 0.8046875 0.2234375
0 0.925 0.1890625 0.946875 0.18125 0.95 0.18984375 0.928125 0.19765625
0 0.9234375 0.63828125 0.9390625 0.62734375 0.94375 0.63359375 0.928125 0.64453125
0 0.90625 0.62578125 0.91015625 0.63125 0.8875 0.6484375 0.88359375 0.64296875
0 0.884375 0.65234375 0.88984375 0.65859375 0.859375 0.68515625 0.85390625 0.6796875
0 0.803125 0.70078125 0.83046875 0.69140625 0.83359375 0.70078125 0.80625 0.71015625
0 0.76875 0.70078125 0.79140625 0.684375 0.796875 0.69140625 0.77421875 0.7078125
0 0.76953125 0.6609375 0.7890625 0.6484375 0.79609375 0.65859375 0.77578125 0.671875
0 0.74453125 0.74140625 0.77109375 0.73046875 0.7765625 0.74296875 0.74921875 0.75390625
0 0.73359375 0.740625 0.7390625 0.746875 0.7234375 0.7625 0.71796875 0.75625
0 0.68984375 0.74765625 0.69765625 0.753125 0.68515625 0.7703125 0.67734375 0.76484375
0 0.70859375 0.73671875 0.71640625 0.73671875 0.71640625 0.75078125 0.70859375 0.75078125
0 0.7375 0.69609375 0.7421875 0.7 0.72421875 0.721875 0.71953125 0.71796875
0 0.71640625 0.71953125 0.71875 0.7234375 0.68515625 0.74609375 0.68203125 0.74140625
0 0.67265625 0.77421875 0.6765625 0.778125 0.646875 0.8046875 0.64296875 0.8
0 0.69140625 0.77890625 0.69921875 0.78984375 0.66328125 0.81484375 0.65546875 0.80390625
0 0.6078125 0.8328125 0.621875 0.8234375 0.62578125 0.8296875 0.61171875 0.83828125
0 0.575 0.8359375 0.59140625 0.825 0.596875 0.8328125 0.58046875 0.84375
0 0.59609375 0.8515625 0.61015625 0.8515625 0.61015625 0.865625 0.59609375 0.865625
0 0.56328125 0.8640625 0.58515625 0.8640625 0.58515625 0.88125 0.56328125 0.88125
0 0.50390625 0.85703125 0.50859375 0.8640625 0.48671875 0.88125 0.48125 0.87421875
0 0.18125 0.81484375 0.19765625 0.81484375 0.19765625 0.82890625 0.18125 0.82890625
0 0.0 0.62578125 0.01171875 0.62578125 0.01171875 0.65390625 0.0 0.65390625
0 0.2390625 0.58984375 0.2484375 0.59765625 0.221875 0.62578125 0.21328125 0.6171875
0 0.51015625 0.58671875 0.540625 0.58671875 0.540625 0.5984375 0.51015625 0.5984375
0 0.04453125 0.3875 0.07890625 0.3765625 0.08359375 0.390625 0.05 0.40234375
0 0.0703125 0.36953125 0.09375 0.36953125 0.09375 0.37734375 0.0703125 0.37734375
0 0.1140625 0.35703125 0.13984375 0.3359375 0.1453125 0.34140625 0.11875 0.36328125
0 0.2078125 0.3609375 0.22265625 0.3609375 0.22265625 0.3875 0.2078125 0.3875
0 0.215625 0.321875 0.225 0.321875 0.225 0.3375 0.215625 0.3375
0 0.15078125 0.265625 0.17421875 0.265625 0.17421875 0.28359375 0.15078125 0.28359375
0 0.18671875 0.296875 0.1953125 0.303125 0.17734375 0.328125 0.16875 0.321875
0 0.1359375 0.325 0.16015625 0.325 0.16015625 0.3390625 0.1359375 0.3390625
