2 0.721875 0.45 0.74609375 0.45 0.74609375 0.50703125 0.721875 0.50703125
2 0.76796875 0.41171875 0.7890625 0.41171875 0.7890625 0.45703125 0.76796875 0.45703125
2 0.3125 0.0109375 0.33203125 0.0109375 0.33203125 0.03125 0.3125 0.03125
2 0.51953125 0.08046875 0.54140625 0.08046875 0.54140625 0.109375 0.51953125 0.109375
2 0.625 0.14609375 0.64140625 0.14609375 0.64140625 0.1609375 0.625 0.1609375
2 0.59296875 0.2015625 0.609375 0.2015625 0.609375 0.2203125 0.59296875 0.2203125
2 0.5296875 0.2125 0.5421875 0.2125 0.5421875 0.23046875 0.5296875 0.23046875
2 0.54921875 0.2328125 0.56640625 0.2328125 0.56640625 0.253125 0.54921875 0.253125
2 0.52578125 0.303125 0.540625 0.303125 0.540625 0.3171875 0.52578125 0.3171875
2 0.5640625 0.36484375 0.5765625 0.36484375 0.5765625 0.37734375 0.5640625 0.37734375
2 0.65078125 0.1578125 0.66875 0.1578125 0.66875 0.1921875 0.65078125 0.1921875
2 0.59375 0.04453125 0.6046875 0.040625 0.61171875 0.06328125 0.60078125 0.06640625
2 0.6484375 0.41953125 0.65703125 0.4265625 0.64375 0.4421875 0.6359375 0.43515625
2 0.734375 0.3359375 0.74453125 0.3328125 0.75390625 0.3671875 0.74375 0.3703125
2 0.74453125 0.38515625 0.75703125 0.37734375 0.77109375 0.4 0.759375 0.4078125
2 0.77578125 0.53515625 0.784375 0.52890625 0.79296875 0.540625 0.784375 0.546875
2 0.76953125 0.54140625 0.7796875 0.54140625 0.7796875 0.56484375 0.76953125 0.56484375
2 0.6140625 0.54765625 0.6203125 0.54765625 0.6203125 0.55703125 0.6140625 0.55703125
2 0.62265625 0.54375 0.6328125 0.54375 0.6328125 0.553125 0.62265625 0.553125
2 0.625 0.52265625 0.64296875 0.5140625 0.646875 0.521875 0.628125 0.53046875
2 0.5703125 0.553125 0.58203125 0.55546875 0.57734375 0.5796875 0.565625 0.57734375
2 0.85859375 0.6125 0.87890625 0.6234375 0.871875 0.63671875 0.8515625 0.62578125
2 0.8296875 0.6 0.846875 0.6 0.846875 0.62421875 0.8296875 0.62421875
2 0.54375 0.7140625 0.55078125 0.709375 0.5625 0.728125 0.55546875 0.7328125
2 0.5859375 0.80546875 0.596875 0.80546875 0.596875 0.83515625 0.5859375 0.83515625
2 0.62890625 0.8625 0.63828125 0.85625 0.65703125 0.88359375 0.64765625 0.88984375
2 0.73125 0.89375 0.74921875 0.878125 0.7828125 0.91796875 0.76484375 0.93359375
2 0.775 0.9375 0.79765625 0.9375 0.79765625 0.94609375 0.775 0.94609375
2 0.921875 0.965625 0.93671875 0.965625 0.93671875 0.978125 0.921875 0.978125
2 0.890625 0.89765625 0.90078125 0.89765625 0.90078125 0.90703125 0.890625 0.90703125
2 0.95859375 0.81875 0.97265625 0.81875 0.97265625 0.85078125 0.95859375 0.85078125
2 0.84765625 0.978125 0.859375 0.978125 0.859375 0.9875 0.84765625 0.9875
