0 0.0 0.6921875 0.0109375 0.6921875 0.0109375 0.7 0.0 0.7
0 0.0328125 0.71015625 0.04296875 0.70390625 0.04453125 0.70625 0.03359375 0.7125
0 0.05234375 0.70546875 0.06328125 0.70546875 0.06328125 0.7109375 0.05234375 0.7109375
0 0.0515625 0.678125 0.06328125 0.6828125 0.06171875 0.68671875 0.04921875 0.68125
0 0.06484375 0.6828125 0.078125 0.6828125 0.078125 0.68828125 0.06484375 0.68828125
3 0.0796875 0.696875 0.0875 0.696875 0.0875 0.7 0.0796875 0.7
3 0.08046875 0.6890625 0.0875 0.6890625 0.0875 0.69296875 0.08046875 0.69296875
0 0.15234375 0.70625 0.171875 0.70625 0.171875 0.71328125 0.15234375 0.71328125
0 0.17109375 0.71171875 0.1796875 0.71171875 0.1796875 0.721875 0.17109375 0.721875
0 0.096875 0.77890625 0.1203125 0.77578125 0.12109375 0.78125 0.096875 0.78359375
0 0.3 0.78203125 0.31953125 0.77578125 0.3203125 0.7796875 0.3015625 0.7859375
0 0.30625 0.71015625 0.32421875 0.71015625 0.32421875 0.715625 0.30625 0.715625
0 0.21796875 0.665625 0.23828125 0.6546875 0.23984375 0.6578125 0.21953125 0.66875
0 0.23046875 0.68671875 0.24140625 0.68671875 0.24140625 0.69296875 0.23046875 0.69296875
0 0.275 0.62109375 0.2890625 0.62109375 0.2890625 0.62890625 0.275 0.62890625
0 0.284375 0.61640625 0.303125 0.61640625 0.303125 0.62109375 0.284375 0.62109375
0 0.30234375 0.59765625 0.321875 0.59296875 0.32265625 0.596875 0.303125 0.6015625
0 0.24765625 0.6234375 0.25 0.62421875 0.24375 0.63515625 0.24140625 0.634375
0 0.246875 0.61875 0.259375 0.6109375 0.2609375 0.61328125 0.2484375 0.62109375
0 0.2609375 0.615625 0.2765625 0.6109375 0.27734375 0.61328125 0.26171875 0.61875
0 0.2859375 0.60390625 0.2984375 0.596875 0.3 0.59921875 0.2875 0.60625
0 0.309375 0.6140625 0.325 0.6140625 0.325 0.61796875 0.309375 0.61796875
0 0.3140625 0.60703125 0.32578125 0.60546875 0.3265625 0.61015625 0.31484375 0.61171875
0 0.36875 0.62109375 0.378125 0.62109375 0.378125 0.62578125 0.36875 0.62578125
0 0.4 0.68203125 0.41328125 0.67578125 0.41484375 0.67890625 0.4015625 0.68515625
0 0.4234375 0.58671875 0.43671875 0.58671875 0.43671875 0.59296875 0.4234375 0.59296875
0 0.453125 0.57578125 0.478125 0.5671875 0.47890625 0.5703125 0.4546875 0.57890625
0 0.478125 0.5859375 0.490625 0.5859375 0.490625 0.5921875 0.478125 0.5921875
0 0.4671875 0.584375 0.478125 0.58046875 0.47890625 0.5828125 0.46875 0.5875
0 0.54765625 0.56875 0.55546875 0.5625 0.55859375 0.56640625 0.55078125 0.5734375
0 0.51875 0.534375 0.55 0.5296875 0.55078125 0.53359375 0.51953125 0.53828125
0 0.6171875 0.52421875 0.62421875 0.52421875 0.62421875 0.528125 0.6171875 0.528125
0 0.62578125 0.528125 0.6375 0.525 0.63828125 0.52734375 0.6265625 0.53046875
0 0.5875 0.59921875 0.59765625 0.59921875 0.59765625 0.6046875 0.5875 0.6046875
0 0.51875 0.7453125 0.53828125 0.734375 0.540625 0.73828125 0.52109375 0.75
0 0.38828125 0.84921875 0.40546875 0.8390625 0.40703125 0.8421875 0.38984375 0.8515625
0 0.54921875 0.6953125 0.55546875 0.6953125 0.55546875 0.69921875 0.54921875 0.69921875
0 0.66328125 0.66328125 0.6734375 0.65859375 0.675 0.66171875 0.66484375 0.6671875
0 0.7046875 0.72734375 0.7265625 0.72109375 0.72890625 0.728125 0.70703125 0.734375
0 0.68984375 0.7515625 0.70390625 0.746875 0.70546875 0.75234375 0.69140625 0.75703125
0 0.71171875 0.77734375 0.72421875 0.77734375 0.72421875 0.78125 0.71171875 0.78125
0 0.6921875 0.7859375 0.70234375 0.78046875 0.70390625 0.78359375 0.69453125 0.7890625
0 0.68203125 0.78203125 0.6890625 0.78203125 0.6890625 0.7859375 0.68203125 0.7859375
0 0.740625 0.7578125 0.7640625 0.75 0.765625 0.75546875 0.7421875 0.7625
0 0.72890625 0.7578125 0.7546875 0.74921875 0.75546875 0.75078125 0.7296875 0.76015625
0 0.76171875 0.73359375 0.78984375 0.72265625 0.790625 0.72578125 0.7625 0.73671875
0 0.7828125 0.728125 0.803125 0.7203125 0.80390625 0.7234375 0.78359375 0.73125
0 0.79296875 0.75234375 0.80625 0.74609375 0.80859375 0.75234375 0.7953125 0.75859375
0 0.915625 0.71328125 0.940625 0.71328125 0.940625 0.7171875 0.915625 0.7171875
0 0.95859375 0.73046875 0.96875 0.725 0.9703125 0.72734375 0.96015625 0.73359375
0 0.96875 0.5734375 0.97265625 0.575 0.96875 0.58359375 0.9640625 0.58125
0 0.728125 0.56640625 0.7359375 0.56640625 0.7359375 0.57421875 0.728125 0.57421875
0 0.73125 0.5484375 0.73671875 0.5515625 0.728125 0.5640625 0.7234375 0.5609375
0 0.73828125 0.51328125 0.7453125 0.51328125 0.7453125 0.51796875 0.73828125 0.51796875
0 0.746875 0.51796875 0.75546875 0.51796875 0.75546875 0.521875 0.746875 0.521875
0 0.7421875 0.48984375 0.778125 0.48984375 0.778125 0.49375 0.7421875 0.49375
0 0.74765625 0.49453125 0.76171875 0.49453125 0.76171875 0.49765625 0.74765625 0.49765625
0 0.88125 0.503125 0.89609375 0.503125 0.89609375 0.5078125 0.88125 0.5078125
0 0.8984375 0.47421875 0.915625 0.46484375 0.91796875 0.46875 0.9 0.47734375
0 0.91171875 0.5265625 0.92734375 0.525 0.928125 0.528125 0.9125 0.53046875
0 0.90078125 0.5265625 0.90703125 0.5265625 0.90703125 0.53046875 0.90078125 0.53046875
0 0.8671875 0.5328125 0.8796875 0.5328125 0.8796875 0.5390625 0.8671875 0.5390625
0 0.87109375 0.55 0.87578125 0.553125 0.86640625 0.56640625 0.86171875 0.56328125
0 0.865625 0.584375 0.87421875 0.57734375 0.87734375 0.58203125 0.86875 0.5890625
0 0.8015625 0.5828125 0.80859375 0.5828125 0.80859375 0.590625 0.8015625 0.590625
3 0.0515625 0.84609375 0.05546875 0.84609375 0.05546875 0.85 0.0515625 0.85
3 0.07734375 0.84765625 0.08046875 0.84765625 0.08046875 0.85078125 0.07734375 0.85078125
3 0.13984375 0.77578125 0.14765625 0.77578125 0.14765625 0.7796875 0.13984375 0.7796875
3 0.13046875 0.74296875 0.13515625 0.74296875 0.13515625 0.74609375 0.13046875 0.74609375
3 0.15078125 0.74296875 0.15546875 0.74296875 0.15546875 0.746875 0.15078125 0.746875
3 0.21015625 0.7484375 0.21484375 0.7484375 0.21484375 0.7515625 0.21015625 0.7515625
3 0.3234375 0.8296875 0.3265625 0.8296875 0.3265625 0.83359375 0.3234375 0.83359375
3 0.3859375 0.81171875 0.3890625 0.81171875 0.3890625 0.8171875 0.3859375 0.8171875
3 0.37421875 0.7609375 0.3796875 0.7609375 0.3796875 0.76875 0.37421875 0.76875
3 0.38203125 0.75859375 0.38828125 0.75859375 0.38828125 0.76328125 0.38203125 0.76328125
3 0.440625 0.81640625 0.44609375 0.81640625 0.44609375 0.81953125 0.440625 0.81953125
3 0.4859375 0.79140625 0.49375 0.7875 0.4953125 0.79140625 0.48828125 0.79453125
3 0.46328125 0.7703125 0.47421875 0.7703125 0.47421875 0.77578125 0.46328125 0.77578125
3 0.34375 0.690625 0.3484375 0.690625 0.3484375 0.69453125 0.34375 0.69453125
3 0.31484375 0.665625 0.32109375 0.665625 0.32109375 0.6703125 0.31484375 0.6703125
3 0.33984375 0.65859375 0.34296875 0.65859375 0.34296875 0.6625 0.33984375 0.6625
3 0.33671875 0.65390625 0.340625 0.65390625 0.340625 0.65703125 0.33671875 0.65703125
3 0.371875 0.6359375 0.378125 0.6359375 0.378125 0.64140625 0.371875 0.64140625
3 0.4546875 0.6 0.4609375 0.6 0.4609375 0.60546875 0.4546875 0.60546875
3 0.521875 0.625 0.52578125 0.625 0.52578125 0.62890625 0.521875 0.62890625
3 0.565625 0.60234375 0.57109375 0.60234375 0.57109375 0.6078125 0.565625 0.6078125
3 0.60234375 0.578125 0.60625 0.578125 0.60625 0.58359375 0.60234375 0.58359375
0 0.5265625 0.5703125 0.534375 0.5703125 0.534375 0.57421875 0.5265625 0.57421875
3 0.63515625 0.6 0.63828125 0.6 0.63828125 0.603125 0.63515625 0.603125
3 0.678125 0.58203125 0.68515625 0.58203125 0.68515625 0.590625 0.678125 0.590625
3 0.6484375 0.553125 0.653125 0.553125 0.653125 0.55703125 0.6484375 0.55703125
3 0.67421875 0.54765625 0.678125 0.54765625 0.678125 0.55078125 0.67421875 0.55078125
3 0.73984375 0.57265625 0.74296875 0.57265625 0.74296875 0.5765625 0.73984375 0.5765625
3 0.78828125 0.55078125 0.79375 0.553125 0.79140625 0.56015625 0.7859375 0.55859375
3 0.79453125 0.54765625 0.8 0.54765625 0.8 0.5515625 0.79453125 0.5515625
3 0.76953125 0.534375 0.77421875 0.534375 0.77421875 0.5390625 0.76953125 0.5390625
3 0.6609375 0.6828125 0.665625 0.6828125 0.665625 0.6859375 0.6609375 0.6859375
3 0.5875 0.78359375 0.58984375 0.78359375 0.58984375 0.7859375 0.5875 0.7859375
3 0.87734375 0.54609375 0.88125 0.54609375 0.88125 0.55 0.87734375 0.55
3 0.878125 0.5375 0.88515625 0.5375 0.88515625 0.54140625 0.878125 0.54140625
3 0.8640625 0.51640625 0.8671875 0.51640625 0.8671875 0.51953125 0.8640625 0.51953125
3 0.8515625 0.521875 0.85390625 0.521875 0.85390625 0.52421875 0.8515625 0.52421875
3 0.97421875 0.52734375 0.98203125 0.52734375 0.98203125 0.534375 0.97421875 0.534375
3 0.96796875 0.5109375 0.9765625 0.5109375 0.9765625 0.51875 0.96796875 0.51875
3 0.9953125 0.51328125 0.99921875 0.51328125 0.99921875 0.51796875 0.9953125 0.51796875
3 0.85234375 0.5609375 0.8578125 0.5609375 0.8578125 0.565625 0.85234375 0.565625
3 0.80234375 0.3453125 0.80625 0.3453125 0.80625 0.34921875 0.80234375 0.34921875
3 0.76796875 0.390625 0.77109375 0.390625 0.77109375 0.39375 0.76796875 0.39375
3 0.775 0.39609375 0.778125 0.39609375 0.778125 0.3984375 0.775 0.3984375
3 0.7796875 0.4015625 0.7828125 0.4015625 0.7828125 0.40546875 0.7796875 0.40546875
3 0.27734375 0.5859375 0.28046875 0.5859375 0.28046875 0.5890625 0.27734375 0.5890625
3 0.234375 0.4328125 0.2375 0.4328125 0.2375 0.43515625 0.234375 0.43515625
